<?xml version="1.0" encoding="UTF-8"?>
<!DOCTYPE svg PUBLIC "-//W3C//DTD SVG 1.1//EN" "http://www.w3.org/Graphics/SVG/1.1/DTD/svg11.dtd">
<!-- Creator: CorelDRAW 2021 (64-Bit) -->
<svg xmlns="http://www.w3.org/2000/svg" xml:space="preserve" width="59.4476mm" height="114mm" version="1.1" style="shape-rendering:geometricPrecision; text-rendering:geometricPrecision; image-rendering:optimizeQuality; fill-rule:evenodd; clip-rule:evenodd"
viewBox="0 0 1241.6 2380.97"
 xmlns:xlink="http://www.w3.org/1999/xlink"
 xmlns:xodm="http://www.corel.com/coreldraw/odm/2003">
 <defs>
  <style type="text/css">
   <![CDATA[
    .fil2 {fill:#FEFEFE;fill-rule:nonzero}
    .fil1 {fill:#8BD3DE;fill-rule:nonzero}
    .fil0 {fill:#80C34E;fill-rule:nonzero}
   ]]>
  </style>
 </defs>
 <g id="Capa_x0020_1">
  <metadata id="CorelCorpID_0Corel-Layer"/>
  <g id="_2811176563184">
   <polygon class="fil0" points="2.74,2380.02 1,2379.29 0.37,2377.57 0.37,2310.48 1,2308.66 2.74,2308.05 45.23,2308.05 46.97,2308.66 47.59,2310.48 47.59,2314.38 46.97,2316.07 45.23,2316.7 10.25,2316.7 10.25,2339.26 42.95,2339.26 44.7,2339.9 45.32,2341.69 45.32,2345.52 44.7,2347.2 42.95,2347.94 10.25,2347.94 10.25,2371.24 46.05,2371.24 47.79,2371.87 48.42,2373.67 48.42,2377.57 47.79,2379.29 46.05,2380.02 "/>
   <polygon class="fil0" points="67.65,2380.02 65.9,2379.29 65.28,2377.57 65.28,2310.35 65.9,2308.66 67.65,2308.05 73.1,2308.05 74.8,2308.66 75.46,2310.35 75.46,2371.03 109.61,2371.03 111.42,2371.77 112.08,2373.56 112.08,2377.57 111.42,2379.29 109.61,2380.02 "/>
   <polygon class="fil0" points="153.23,2380.02 151.49,2379.29 150.86,2377.57 150.86,2310.35 151.49,2308.66 153.23,2308.05 158.68,2308.05 160.38,2308.66 161.04,2310.35 161.04,2371.03 195.19,2371.03 197,2371.77 197.67,2373.56 197.67,2377.57 197,2379.29 195.19,2380.02 "/>
   <path class="fil0" d="M236.76 2380.97c-5.76,0 -10.71,-0.95 -14.87,-3.06 -4.14,-2.03 -7.32,-5.2 -9.56,-9.42 -2.21,-4.14 -3.34,-9.66 -3.34,-16.3l0 -41.71 0.61 -1.82 1.76 -0.61 5.24 0 1.8 0.61 0.67 1.82 0 41.92c0,6.76 1.59,11.74 4.74,14.91 3.14,3.3 7.46,4.88 12.95,4.88 5.41,0 9.72,-1.59 12.91,-4.88 3.19,-3.17 4.79,-8.15 4.79,-14.91l0 -41.92 0.67 -1.82 1.7 -0.61 5.35 0 1.69 0.61 0.67 1.82 0 41.71c0,6.65 -1.11,12.16 -3.35,16.3 -2.23,4.22 -5.39,7.39 -9.5,9.42 -4.12,2.11 -9.1,3.06 -14.93,3.06z"/>
   <path class="fil0" d="M310.52 2380.97c-6.11,0 -11.28,-1.06 -15.49,-3.41 -4.22,-2.21 -7.44,-5.38 -9.67,-9.5 -2.24,-4.14 -3.48,-8.92 -3.76,-14.51 -0.07,-2.98 -0.11,-6.25 -0.11,-9.63 0,-3.41 0.03,-6.57 0.11,-9.74 0.28,-5.51 1.52,-10.39 3.76,-14.4 2.24,-4.14 5.46,-7.2 9.72,-9.45 4.25,-2.29 9.4,-3.38 15.44,-3.38 4.79,0 8.97,0.66 12.54,2.01 3.57,1.37 6.5,3.19 8.8,5.2 2.29,2.11 4,4.33 5.14,6.57 1.12,2.32 1.72,4.22 1.79,5.91l-0.51 1.61 -1.64 0.53 -6.08 0 -1.48 -0.42 -0.89 -1.48c-0.61,-1.69 -1.62,-3.51 -3.03,-5.2 -1.4,-1.68 -3.29,-3.19 -5.65,-4.33 -2.37,-1.08 -5.38,-1.71 -9,-1.71 -5.49,0 -9.9,1.48 -13.22,4.46 -3.33,2.95 -5.12,7.83 -5.4,14.59 -0.22,6.15 -0.22,12.29 0,18.34 0.28,6.88 2.09,11.74 5.45,14.8 3.36,2.98 7.75,4.46 13.17,4.46 3.62,0 6.86,-0.74 9.72,-2.11 2.83,-1.27 5.09,-3.41 6.73,-6.15 1.65,-2.85 2.46,-6.36 2.46,-10.68l0 -4.35 -15.42 0 -1.71 -0.63 -0.66 -1.79 0 -3.3 0.66 -1.79 1.71 -0.63 23.25 0 1.74 0.63 0.63 1.79 0 9.87c0,5.59 -1.17,10.58 -3.45,14.7 -2.3,4.25 -5.65,7.41 -10.03,9.73 -4.39,2.35 -9.62,3.41 -15.63,3.41z"/>
   <path class="fil0" d="M367.09 2354.83l27.79 0 -13.89 -36.51 -13.89 36.51zm-16.46 25.19l-1.44 -0.63 -0.61 -1.48 0.11 -1.09 25.52 -66.56 1.11 -1.71c0.49,-0.32 1.21,-0.5 2.16,-0.5l7 0c0.96,0 1.68,0.18 2.17,0.5l1.12 1.71 25.41 66.56 0.2 1.09 -0.61 1.48 -1.44 0.63 -5.25 0 -1.8 -0.63 -0.76 -1.16 -5.65 -14.62 -33.75 0 -5.66 14.62 -0.72 1.16 -1.85 0.63 -5.25 0z"/>
   <path class="fil0" d="M437.04 2342.35l16.97 0c5.14,0 8.97,-1.08 11.52,-3.19 2.54,-2.21 3.8,-5.38 3.8,-9.63 0,-4.25 -1.26,-7.41 -3.75,-9.63 -2.51,-2.11 -6.37,-3.27 -11.57,-3.27l-16.97 0 0 25.72zm-7.72 37.68l-1.74 -0.74 -0.63 -1.72 0 -67.09 0.63 -1.82 1.74 -0.61 25.1 0c7.75,0 13.89,1.77 18.42,5.38 4.53,3.62 6.79,9 6.79,16.2 0,5.3 -1.32,9.52 -3.94,12.9 -2.65,3.3 -6.25,5.62 -10.76,6.88l15.84 27.41 0.3 1.09 -0.66 1.48 -1.49 0.63 -4.94 0c-1.17,0 -2.02,-0.32 -2.57,-0.95l-1.43 -1.79 -14.93 -26.17 -17.99 0 0 26.46 -0.67 1.72 -1.79 0.74 -5.26 0z"/>
   <path class="fil0" d="M534.77 2371.24l15.64 0c4.72,0 8.48,-0.63 11.31,-1.9 2.81,-1.37 4.85,-3.41 6.11,-6.36 1.28,-2.85 1.94,-6.67 2.02,-11.32 0.14,-2.14 0.2,-3.93 0.2,-5.41 0,-1.58 0,-3.17 0,-4.67 0,-1.58 -0.06,-3.27 -0.2,-5.28 -0.15,-6.68 -1.72,-11.53 -4.75,-14.83 -3,-3.16 -8.07,-4.78 -15.21,-4.78l-15.12 0 0 54.53zm-7.71 8.79l-1.75 -0.74 -0.62 -1.72 0 -67.09 0.62 -1.82 1.75 -0.61 23.35 0c7.06,0 12.74,1.03 17.06,3.16 4.32,2.11 7.48,5.17 9.46,9.42 1.99,4.14 3.02,9.21 3.09,15.25 0.06,3.06 0.09,5.8 0.09,8.15 0,2.32 -0.03,4.96 -0.09,7.94 -0.14,6.33 -1.18,11.53 -3.13,15.75 -1.96,4.14 -5.05,7.2 -9.26,9.23 -4.22,2.01 -9.79,3.06 -16.72,3.06l-23.86 0z"/>
   <polygon class="fil0" points="600.48,2380.02 598.74,2379.29 598.12,2377.57 598.12,2310.48 598.74,2308.66 600.48,2308.05 642.98,2308.05 644.71,2308.66 645.33,2310.48 645.33,2314.38 644.71,2316.07 642.98,2316.7 608,2316.7 608,2339.26 640.7,2339.26 642.45,2339.9 643.07,2341.69 643.07,2345.52 642.45,2347.2 640.7,2347.94 608,2347.94 608,2371.24 643.79,2371.24 645.54,2371.87 646.16,2373.67 646.16,2377.57 645.54,2379.29 643.79,2380.02 "/>
   <polygon class="fil0" points="693.16,2380.02 691.43,2379.29 690.79,2377.57 690.79,2310.35 691.43,2308.66 693.16,2308.05 698.62,2308.05 700.31,2308.66 700.99,2310.35 700.99,2371.03 735.13,2371.03 736.92,2371.77 737.61,2373.56 737.61,2377.57 736.92,2379.29 735.13,2380.02 "/>
   <path class="fil0" d="M762.91 2354.83l27.77 0 -13.88 -36.51 -13.89 36.51zm-16.46 25.19l-1.43 -0.63 -0.63 -1.48 0.11 -1.09 25.51 -66.56 1.13 -1.71c0.47,-0.32 1.2,-0.5 2.16,-0.5l7 0c0.95,0 1.67,0.18 2.15,0.5l1.12 1.71 25.41 66.56 0.21 1.09 -0.63 1.48 -1.42 0.63 -5.26 0 -1.79 -0.63 -0.78 -1.16 -5.65 -14.62 -33.75 0 -5.65 14.62 -0.72 1.16 -1.85 0.63 -5.25 0z"/>
   <polygon class="fil0" points="850.25,2380.02 848.5,2379.29 847.88,2377.57 847.88,2310.48 848.5,2308.66 850.25,2308.05 892.21,2308.05 894,2308.66 894.68,2310.48 894.68,2314.59 894,2316.28 892.21,2316.92 857.85,2316.92 857.85,2340.95 890.14,2340.95 891.96,2341.58 892.63,2343.4 892.63,2347.52 891.96,2349.21 890.14,2349.84 857.85,2349.84 857.85,2377.57 857.18,2379.29 855.39,2380.02 "/>
   <path class="fil0" d="M917.71 2354.83l27.8 0 -13.9 -36.51 -13.89 36.51zm-16.45 25.19l-1.44 -0.63 -0.61 -1.48 0.1 -1.09 25.5 -66.56 1.13 -1.71c0.48,-0.32 1.2,-0.5 2.16,-0.5l7 0c0.96,0 1.68,0.18 2.15,0.5l1.13 1.71 25.41 66.56 0.2 1.09 -0.61 1.48 -1.44 0.63 -5.26 0 -1.79 -0.63 -0.77 -1.16 -5.66 -14.62 -33.74 0 -5.65 14.62 -0.72 1.16 -1.86 0.63 -5.25 0z"/>
   <polygon class="fil0" points="979.95,2380.02 978.26,2379.29 977.59,2377.57 977.59,2310.48 978.26,2308.66 979.95,2308.05 985.09,2308.05 986.96,2308.55 987.77,2309.63 1009.47,2351.24 1031.38,2309.63 1032.16,2308.55 1033.96,2308.05 1039,2308.05 1040.81,2308.66 1041.47,2310.48 1041.47,2377.57 1040.81,2379.29 1039,2380.02 1033.96,2380.02 1032.27,2379.29 1031.6,2377.57 1031.6,2326.97 1014.42,2360.56 1013.19,2362.13 1011.13,2362.77 1007.93,2362.77 1005.88,2362.13 1004.65,2360.56 987.37,2326.97 987.37,2377.57 986.71,2379.29 985,2380.02 "/>
   <polygon class="fil0" points="1064.2,2380.02 1062.46,2379.29 1061.84,2377.57 1061.84,2310.35 1062.46,2308.66 1064.2,2308.05 1069.66,2308.05 1071.41,2308.66 1072.02,2310.35 1072.02,2377.57 1071.41,2379.29 1069.66,2380.02 "/>
   <polygon class="fil0" points="1094.86,2380.02 1093.11,2379.29 1092.5,2377.57 1092.5,2310.35 1093.11,2308.66 1094.86,2308.05 1100.31,2308.05 1102.01,2308.66 1102.68,2310.35 1102.68,2371.03 1136.83,2371.03 1138.63,2371.77 1139.3,2373.56 1139.3,2377.57 1138.63,2379.29 1136.83,2380.02 "/>
   <polygon class="fil0" points="1155.33,2380.02 1153.6,2379.29 1152.97,2377.57 1152.97,2310.35 1153.6,2308.66 1155.33,2308.05 1160.78,2308.05 1162.54,2308.66 1163.16,2310.35 1163.16,2377.57 1162.54,2379.29 1160.78,2380.02 "/>
   <path class="fil0" d="M1195.25 2354.83l27.77 0 -13.89 -36.51 -13.88 36.51zm-16.46 25.19l-1.43 -0.63 -0.62 -1.48 0.09 -1.09 25.52 -66.56 1.13 -1.71c0.48,-0.32 1.2,-0.5 2.15,-0.5l6.99 0c0.97,0 1.7,0.18 2.16,0.5l1.13 1.71 25.41 66.56 0.2 1.09 -0.62 1.48 -1.43 0.63 -5.24 0 -1.8 -0.63 -0.77 -1.16 -5.65 -14.62 -33.75 0 -5.65 14.62 -0.71 1.16 -1.87 0.63 -5.24 0z"/>
   <path class="fil1" d="M547.43 1259.87l73.2 -90.94 69.61 90.94 -142.81 0zm74.6 -328.29l-499.95 543.71c-9.67,10.6 -2.21,27.54 12.07,27.54l244.61 0 95.86 -112.55 285.73 0 79.31 112.76 258.64 0c14.2,0 21.68,-16.83 12.21,-27.44l-488.48 -544.02z"/>
   <path class="fil0" d="M622.03 647.34l-277.43 -152.23 0 634.23c0,10.26 12.75,15.25 19.71,7.62l148.51 -163.65 0 -186.95 109.22 80.97 0 -0.11 109.16 -80.86 0 187.58 146.56 161.96c6.94,7.73 19.71,2.75 19.71,-7.62l0 -633.17 -275.43 152.23z"/>
   <path class="fil2" d="M1079.46 10.02l-2.77 1.27 -455.99 232.91 -413.8 -211.3 -42.07 -21.5 0.1 -0.11 -2.79 -1.27c-67.25,-31.77 -162.13,13.67 -162.13,112.55l0 1349.23c0,22.88 28.11,33.77 43.48,16.83l251.09 -276.2 0 -809.01 327.99 182.31 332.11 -183.68 0 818.01 243.59 268.58c15.3,16.94 43.35,6.04 43.35,-16.72l0 -1349.34c0,-98.88 -94.89,-144.32 -162.14,-112.55z"/>
   <path class="fil2" d="M5.86 1804.97c-1.72,0 -3.12,-0.53 -4.22,-1.71 -1.08,-1.06 -1.64,-2.43 -1.64,-3.91l0 -152.55c0,-1.69 0.56,-3.08 1.64,-4.25 1.1,-1.06 2.51,-1.59 4.22,-1.59l18.5 0c2.18,0 3.82,0.64 4.92,1.79 1.09,1.16 1.78,2.01 2.1,2.67l45.2 84.37 45.68 -84.37c0.32,-0.66 1.01,-1.51 2.11,-2.67 1.09,-1.16 2.72,-1.79 4.92,-1.79l18.27 0c1.71,0 3.13,0.53 4.22,1.59 1.09,1.16 1.64,2.56 1.64,4.25l0 152.55c0,1.48 -0.55,2.85 -1.64,3.91 -1.09,1.19 -2.5,1.71 -4.22,1.71l-19.67 0c-1.72,0 -3.09,-0.53 -4.1,-1.71 -1.02,-1.06 -1.53,-2.43 -1.53,-3.91l0 -101.41 -32.79 62.45c-0.78,1.48 -1.79,2.64 -3.05,3.72 -1.25,0.95 -2.89,1.48 -4.91,1.48l-9.62 0c-2.18,0 -3.86,-0.53 -5.03,-1.48 -1.17,-1.08 -2.14,-2.24 -2.93,-3.72l-32.79 -62.45 0 101.41c0,1.48 -0.55,2.85 -1.64,3.91 -1.09,1.19 -2.42,1.71 -3.98,1.71l-19.68 0z"/>
   <path class="fil2" d="M240.31 1744.95l53.17 0 -26.7 -72.32 -26.46 72.32zm-46.38 60.02c-1.25,0 -2.38,-0.53 -3.39,-1.5 -1.02,-0.84 -1.53,-2.01 -1.53,-3.48l0.47 -2.11 56.45 -151.07c0.46,-1.48 1.36,-2.88 2.69,-4.04 1.32,-1.16 3.16,-1.79 5.51,-1.79l25.53 0c2.35,0 4.14,0.64 5.39,1.79 1.25,1.16 2.19,2.56 2.82,4.04l56.45 151.07 0.22 2.11c0,1.48 -0.46,2.64 -1.39,3.48 -0.95,0.98 -2.04,1.5 -3.28,1.5l-20.38 0c-2.18,0 -3.8,-0.53 -4.79,-1.61 -1.03,-0.95 -1.69,-1.9 -2,-2.85l-11.01 -28.57 -69.58 0 -11 28.57c-0.33,0.95 -0.98,1.9 -1.98,2.85 -1.03,1.08 -2.63,1.61 -4.81,1.61l-20.38 0z"/>
   <path class="fil2" d="M386 1804.97c-1.56,0 -2.9,-0.53 -3.98,-1.71 -1.09,-1.06 -1.65,-2.43 -1.65,-3.91l0 -152.75c0,-1.58 0.56,-2.88 1.65,-4.04 1.08,-1.06 2.42,-1.59 3.98,-1.59l21.78 0c1.56,0 2.88,0.53 3.98,1.59 1.09,1.16 1.64,2.46 1.64,4.04l0 130.41 74.25 0c1.73,0 3.12,0.63 4.22,1.69 1.09,1.06 1.63,2.56 1.63,4.25l0 16.41c0,1.48 -0.54,2.85 -1.63,3.91 -1.1,1.19 -2.49,1.71 -4.22,1.71l-101.65 0z"/>
   <path class="fil2" d="M556.28 1804.97c-2.5,0 -4.45,-0.66 -5.85,-1.93 -1.41,-1.26 -2.42,-2.74 -3.05,-4.64l-50.12 -150.44 -0.47 -2.01c0,-1.5 0.47,-2.66 1.41,-3.61 0.93,-0.95 2.1,-1.37 3.51,-1.37l20.61 0c2.2,0 3.86,0.64 5.03,1.79 1.17,1.16 1.91,2.25 2.23,3.41l39.59 120.57 39.35 -120.57c0.46,-1.16 1.29,-2.24 2.45,-3.41 1.17,-1.16 2.85,-1.79 5.04,-1.79l20.61 0c1.26,0 2.38,0.42 3.4,1.37 1.02,0.95 1.52,2.11 1.52,3.61l-0.48 2.01 -50.12 150.44c-0.63,1.9 -1.64,3.38 -3.05,4.64 -1.41,1.27 -3.37,1.93 -5.85,1.93l-25.77 0z"/>
   <path class="fil2" d="M686.03 1804.97c-1.55,0 -2.88,-0.53 -3.97,-1.71 -1.09,-1.06 -1.64,-2.43 -1.64,-3.91l0 -152.75c0,-1.58 0.55,-2.88 1.64,-4.04 1.09,-1.06 2.42,-1.59 3.97,-1.59l22.03 0c1.71,0 3.08,0.53 4.1,1.59 1.01,1.16 1.52,2.46 1.52,4.04l0 152.75c0,1.48 -0.51,2.85 -1.52,3.91 -1.02,1.19 -2.39,1.71 -4.1,1.71l-22.03 0z"/>
   <path class="fil2" d="M770.13 1804.97c-1.57,0 -2.9,-0.53 -3.99,-1.71 -1.08,-1.06 -1.64,-2.43 -1.64,-3.91l0 -152.55c0,-1.69 0.56,-3.08 1.64,-4.25 1.09,-1.06 2.42,-1.59 3.99,-1.59l18.03 0c2.19,0 3.79,0.53 4.8,1.48 1.02,1.06 1.68,1.82 1.99,2.24l67.46 105 0 -102.9c0,-1.69 0.5,-3.08 1.51,-4.25 1.02,-1.06 2.39,-1.59 4.1,-1.59l19.68 0c1.71,0 3.11,0.53 4.2,1.59 1.11,1.16 1.65,2.56 1.65,4.25l0 152.34c0,1.69 -0.54,3.06 -1.65,4.11 -1.09,1.19 -2.41,1.71 -3.98,1.71l-18.26 0c-2.2,0 -3.75,-0.53 -4.68,-1.71 -0.95,-1.06 -1.65,-1.79 -2.12,-2.11l-67.22 -102.57 0 100.78c0,1.48 -0.55,2.85 -1.64,3.91 -1.09,1.19 -2.49,1.71 -4.22,1.71l-19.66 0z"/>
   <path class="fil2" d="M980.44 1744.95l53.18 0 -26.7 -72.32 -26.47 72.32zm-46.37 60.02c-1.25,0 -2.38,-0.53 -3.4,-1.5 -1.01,-0.84 -1.51,-2.01 -1.51,-3.48l0.45 -2.11 56.46 -151.07c0.46,-1.48 1.35,-2.88 2.69,-4.04 1.32,-1.16 3.16,-1.79 5.51,-1.79l25.54 0c2.34,0 4.12,0.64 5.37,1.79 1.26,1.16 2.18,2.56 2.82,4.04l56.45 151.07 0.23 2.11c0,1.48 -0.47,2.64 -1.41,3.48 -0.93,0.98 -2.03,1.5 -3.27,1.5l-20.38 0c-2.18,0 -3.78,-0.53 -4.79,-1.61 -1.02,-0.95 -1.69,-1.9 -1.99,-2.85l-11.02 -28.57 -69.56 0 -11.01 28.57c-0.31,0.95 -0.96,1.9 -1.98,2.85 -1.02,1.08 -2.62,1.61 -4.79,1.61l-20.38 0z"/>
   <path class="fil2" d="M1175.09 1807.3c-14.52,0 -26.67,-2.11 -36.43,-6.46 -9.76,-4.36 -17.17,-9.95 -22.24,-16.83 -5.08,-6.99 -7.77,-14.3 -8.09,-21.9 0,-1.4 0.46,-2.56 1.41,-3.51 0.94,-0.95 2.1,-1.48 3.51,-1.48l20.85 0c2.02,0 3.55,0.53 4.56,1.37 1.02,0.84 1.92,1.9 2.68,3.06 0.95,3.08 2.73,5.93 5.4,8.78 2.65,2.98 6.29,5.31 10.88,7.21 4.61,1.9 10.42,2.77 17.46,2.77 11.24,0 19.62,-1.82 25.17,-5.62 5.54,-3.69 8.32,-8.78 8.32,-15.14 0,-4.54 -1.48,-8.15 -4.44,-10.9 -2.97,-2.77 -7.54,-5.3 -13.7,-7.52 -6.17,-2.22 -14.33,-4.67 -24.48,-7.2 -11.71,-2.74 -21.52,-6.12 -29.39,-10.16 -7.88,-3.93 -13.82,-9 -17.8,-15.14 -3.99,-6.04 -5.98,-13.75 -5.98,-23.19 0,-9 2.46,-17.04 7.38,-24.01 4.92,-7.1 11.93,-12.61 21.08,-16.72 9.12,-4.04 20.02,-6.04 32.67,-6.04 10.15,0 19.12,1.37 26.93,4.11 7.81,2.67 14.29,6.26 19.45,10.71 5.14,4.43 9.08,9.21 11.83,14.27 2.74,5.09 4.17,10.05 4.33,14.93 0,1.26 -0.43,2.32 -1.29,3.38 -0.86,0.98 -2.07,1.5 -3.63,1.5l-21.78 0c-1.25,0 -2.49,-0.34 -3.75,-0.95 -1.25,-0.55 -2.26,-1.82 -3.03,-3.51 -0.95,-4.78 -4,-9 -9.14,-12.37 -5.15,-3.41 -11.79,-5.2 -19.91,-5.2 -8.44,0 -15.22,1.58 -20.38,4.78 -5.14,3.06 -7.72,7.91 -7.72,14.48 0,4.35 1.29,7.94 3.86,10.92 2.58,2.85 6.71,5.38 12.41,7.62 5.7,2.12 13.22,4.43 22.62,6.97 13.26,2.98 24.12,6.36 32.54,10.29 8.44,3.9 14.6,8.89 18.51,14.9 3.91,6.04 5.85,13.56 5.85,22.87 0,10.26 -2.77,19.05 -8.32,26.25 -5.54,7.31 -13.31,12.93 -23.3,16.83 -10,3.83 -21.63,5.83 -34.9,5.83z"/>
   <path class="fil2" d="M38.86 1952.54l40.27 0 -20.23 -54.85 -20.04 54.85zm-35.14 45.4l-2.58 -1.05c-0.77,-0.74 -1.15,-1.59 -1.15,-2.64l0.35 -1.58 42.77 -114.45c0.35,-1.16 1.03,-2.21 2.04,-3.06 1,-0.95 2.39,-1.37 4.17,-1.37l19.35 0c1.77,0 3.13,0.42 4.08,1.37 0.95,0.84 1.66,1.9 2.13,3.06l42.75 114.45 0.17 1.58c0,1.06 -0.35,1.9 -1.06,2.64l-2.49 1.05 -15.43 0c-1.67,0 -2.88,-0.31 -3.64,-1.16l-1.52 -2.21 -8.33 -21.58 -52.69 0 -8.34 21.58 -1.5 2.21c-0.78,0.85 -1.99,1.16 -3.64,1.16l-15.44 0z"/>
   <path class="fil2" d="M173.17 1931.03l25.02 0c7.22,0 12.6,-1.58 16.16,-4.85 3.54,-3.3 5.31,-7.84 5.31,-13.77 0,-5.91 -1.74,-10.48 -5.23,-13.85 -3.49,-3.41 -8.9,-5.09 -16.24,-5.09l-25.02 0 0 37.57zm-20.41 66.91c-1.18,0 -2.18,-0.42 -3.02,-1.26 -0.82,-0.74 -1.25,-1.79 -1.25,-2.96l0 -115.51c0,-1.26 0.42,-2.32 1.25,-3.16 0.84,-0.84 1.84,-1.27 3.02,-1.27l45.94 0c14.33,0 25.61,3.27 33.91,9.95 8.26,6.57 12.41,16.2 12.41,28.89 0,8.78 -2.15,15.99 -6.47,21.82 -4.32,5.83 -10.09,10.05 -17.3,12.58l25.91 45.32 0.53 1.9c0,1.06 -0.39,1.9 -1.15,2.64l-2.57 1.05 -16.15 0c-2.01,0 -3.54,-0.53 -4.62,-1.58 -1.05,-1.06 -1.89,-2.11 -2.47,-3.16l-22.89 -42.03 -24.66 0 0 42.56c0,1.16 -0.38,2.22 -1.15,2.96 -0.77,0.84 -1.82,1.26 -3.11,1.26l-16.15 0z"/>
   <path class="fil2" d="M330.02 1999.76c-10.89,0 -20.15,-1.93 -27.76,-5.73 -7.64,-3.83 -13.56,-9.21 -17.75,-16.41 -4.21,-7.1 -6.49,-15.67 -6.84,-25.62 -0.11,-5.09 -0.17,-10.58 -0.17,-16.41 0,-5.83 0.06,-11.32 0.17,-16.62 0.36,-9.73 2.63,-18.2 6.84,-25.19 4.19,-6.96 10.16,-12.27 17.91,-16.09 7.75,-3.8 16.94,-5.73 27.6,-5.73 8.62,0 16.2,1.19 22.7,3.51 6.5,2.32 11.91,5.3 16.23,8.89 4.32,3.58 7.58,7.41 9.76,11.53 2.2,4.25 3.34,8.07 3.46,11.55 0.1,1.06 -0.17,2.01 -0.89,2.75 -0.71,0.63 -1.66,1.05 -2.84,1.05l-18.26 0c-1.2,0 -2.08,-0.31 -2.67,-0.74l-1.59 -2.11c-0.95,-2.56 -2.43,-4.98 -4.43,-7.41 -2.02,-2.43 -4.74,-4.46 -8.17,-6.15 -3.43,-1.58 -7.85,-2.43 -13.29,-2.43 -8.06,0 -14.46,2.11 -19.26,6.36 -4.79,4.33 -7.35,11.32 -7.71,21.16 -0.35,10.26 -0.35,20.66 0,31.23 0.36,10.06 2.98,17.26 7.89,21.61 4.9,4.33 11.38,6.54 19.43,6.54 5.33,0 10.09,-0.95 14.29,-2.85 4.19,-1.79 7.5,-4.78 9.93,-8.89 2.42,-3.93 3.63,-9.1 3.63,-15.36l0 -5.51 -21.64 0c-1.17,0 -2.19,-0.42 -3.01,-1.27 -0.84,-0.84 -1.25,-1.9 -1.25,-3.16l0 -9.42c0,-1.27 0.41,-2.32 1.25,-3.17 0.81,-0.87 1.84,-1.29 3.01,-1.29l42.41 0c1.3,0 2.34,0.42 3.11,1.29 0.76,0.84 1.14,1.9 1.14,3.17l0 18.62c0,9.95 -2.16,18.52 -6.48,25.72 -4.31,7.2 -10.46,12.82 -18.44,16.73 -8,3.83 -17.43,5.83 -28.3,5.83z"/>
   <path class="fil2" d="M424.4 1997.94c-1.17,0 -2.18,-0.42 -3.02,-1.26 -0.81,-0.74 -1.23,-1.79 -1.23,-2.96l0 -115.51c0,-1.26 0.42,-2.32 1.23,-3.16 0.84,-0.84 1.85,-1.27 3.02,-1.27l78.06 0c1.31,0 2.38,0.42 3.21,1.27 0.83,0.84 1.23,1.9 1.23,3.16l0 11.77c0,1.16 -0.4,2.11 -1.23,2.96 -0.83,0.84 -1.9,1.27 -3.21,1.27l-58.36 0 0 31.34 54.46 0c1.31,0 2.36,0.42 3.2,1.16 0.83,0.74 1.24,1.79 1.24,3.16l0 10.93c0,1.37 -0.41,2.43 -1.24,3.16 -0.84,0.74 -1.89,1.16 -3.2,1.16l-54.46 0 0 32.4 59.8 0c1.29,0 2.36,0.42 3.18,1.26 0.82,0.85 1.25,1.9 1.25,3.19l0 11.74c0,1.16 -0.43,2.22 -1.25,2.96 -0.82,0.84 -1.89,1.26 -3.18,1.26l-79.49 0z"/>
   <path class="fil2" d="M548.94 1997.94c-1.17,0 -2.2,-0.42 -3.02,-1.26 -0.83,-0.74 -1.24,-1.79 -1.24,-2.96l0 -115.51c0,-1.26 0.41,-2.32 1.24,-3.16 0.82,-0.84 1.85,-1.27 3.02,-1.27l13.67 0c1.65,0 2.86,0.42 3.63,1.16l1.51 1.69 51.11 79.52 0 -77.94c0,-1.26 0.38,-2.32 1.15,-3.16 0.77,-0.84 1.8,-1.27 3.11,-1.27l14.9 0c1.3,0 2.36,0.42 3.19,1.27 0.82,0.84 1.24,1.9 1.24,3.16l0 115.29c0,1.37 -0.42,2.43 -1.24,3.17 -0.83,0.84 -1.84,1.26 -3.02,1.26l-13.82 0c-1.66,0 -2.86,-0.42 -3.56,-1.26l-1.59 -1.58 -50.92 -77.7 0 76.32c0,1.16 -0.42,2.22 -1.26,2.96 -0.81,0.84 -1.87,1.26 -3.19,1.26l-14.9 0z"/>
   <path class="fil2" d="M715.9 1997.94c-1.18,0 -2.18,-0.42 -3.03,-1.26 -0.81,-0.74 -1.24,-1.79 -1.24,-2.96l0 -98.15 -32.81 0c-1.19,0 -2.2,-0.42 -3.02,-1.26 -0.84,-0.74 -1.24,-1.79 -1.24,-2.96l0 -13.14c0,-1.26 0.4,-2.32 1.24,-3.16 0.82,-0.84 1.83,-1.27 3.02,-1.27l90.47 0c1.31,0 2.38,0.42 3.21,1.27 0.82,0.84 1.23,1.9 1.23,3.16l0 13.14c0,1.16 -0.41,2.22 -1.23,2.96 -0.83,0.84 -1.9,1.26 -3.21,1.26l-32.64 0 0 98.15c0,1.16 -0.42,2.22 -1.24,2.96 -0.83,0.84 -1.87,1.26 -3.19,1.26l-16.32 0z"/>
   <path class="fil2" d="M810.1 1997.94c-1.18,0 -2.18,-0.42 -3.01,-1.26 -0.83,-0.74 -1.25,-1.79 -1.25,-2.96l0 -115.71c0,-1.16 0.42,-2.11 1.25,-2.96 0.82,-0.84 1.82,-1.27 3.01,-1.27l16.69 0c1.3,0 2.33,0.42 3.1,1.27 0.77,0.84 1.15,1.79 1.15,2.96l0 115.71c0,1.16 -0.38,2.22 -1.15,2.96 -0.77,0.84 -1.8,1.26 -3.1,1.26l-16.69 0z"/>
   <path class="fil2" d="M877.34 1997.94c-1.17,0 -2.17,-0.42 -3.01,-1.26 -0.82,-0.74 -1.25,-1.79 -1.25,-2.96l0 -115.51c0,-1.26 0.42,-2.32 1.25,-3.16 0.84,-0.84 1.83,-1.27 3.01,-1.27l13.67 0c1.66,0 2.88,0.42 3.65,1.16l1.51 1.69 51.1 79.52 0 -77.94c0,-1.26 0.38,-2.32 1.15,-3.16 0.76,-0.84 1.8,-1.27 3.1,-1.27l14.9 0c1.31,0 2.36,0.42 3.21,1.27 0.81,0.84 1.23,1.9 1.23,3.16l0 115.29c0,1.37 -0.42,2.43 -1.23,3.17 -0.85,0.84 -1.85,1.26 -3.02,1.26l-13.84 0c-1.66,0 -2.85,-0.42 -3.56,-1.26l-1.59 -1.58 -50.93 -77.7 0 76.32c0,1.16 -0.41,2.22 -1.24,2.96 -0.83,0.84 -1.9,1.26 -3.19,1.26l-14.93 0z"/>
   <path class="fil2" d="M1040.22 1952.54l40.28 0 -20.22 -54.85 -20.05 54.85zm-35.12 45.4l-2.58 -1.05c-0.77,-0.74 -1.15,-1.59 -1.15,-2.64l0.36 -1.58 42.76 -114.45c0.35,-1.16 1.03,-2.21 2.03,-3.06 1.01,-0.95 2.4,-1.37 4.19,-1.37l19.33 0c1.76,0 3.13,0.42 4.07,1.37 0.96,0.84 1.67,1.9 2.14,3.06l42.76 114.45 0.18 1.58c0,1.06 -0.36,1.9 -1.07,2.64l-2.49 1.05 -15.44 0c-1.65,0 -2.86,-0.31 -3.63,-1.16l-1.52 -2.21 -8.33 -21.58 -52.69 0 -8.34 21.58 -1.5 2.21c-0.78,0.85 -1.98,1.16 -3.65,1.16l-15.43 0z"/>
   <path class="fil2" d="M1191.21 1999.76c-11,0 -20.2,-1.72 -27.59,-4.88 -7.39,-3.27 -13.01,-7.52 -16.85,-12.82 -3.86,-5.28 -5.89,-10.79 -6.12,-16.6 0,-1.06 0.35,-1.93 1.06,-2.66 0.71,-0.63 1.59,-1.06 2.67,-1.06l15.79 0c1.52,0 2.68,0.31 3.45,0.95l2.05 2.45c0.71,2.22 2.06,4.43 4.07,6.65 2.01,2.24 4.76,4.04 8.25,5.41 3.49,1.37 7.91,2.11 13.22,2.11 8.51,0 14.88,-1.37 19.07,-4.22 4.19,-2.88 6.31,-6.68 6.31,-11.56 0,-3.38 -1.14,-6.12 -3.38,-8.23 -2.26,-2.03 -5.71,-3.93 -10.38,-5.73 -4.67,-1.71 -10.85,-3.51 -18.53,-5.4 -8.88,-2.12 -16.29,-4.65 -22.27,-7.73 -5.98,-2.96 -10.48,-6.76 -13.49,-11.43 -3.01,-4.56 -4.53,-10.48 -4.53,-17.57 0,-6.78 1.87,-12.93 5.59,-18.2 3.73,-5.41 9.06,-9.55 15.98,-12.61 6.91,-3.06 15.15,-4.67 24.74,-4.67 7.7,0 14.49,1.08 20.41,3.19 5.9,2 10.81,4.78 14.72,8.15 3.89,3.27 6.89,6.99 8.96,10.79 2.08,3.83 3.17,7.63 3.3,11.21l-0.99 2.67c-0.64,0.74 -1.57,1.06 -2.74,1.06l-16.5 0 -2.85 -0.64c-0.95,-0.53 -1.71,-1.37 -2.29,-2.66 -0.71,-3.69 -3.03,-6.86 -6.93,-9.42 -3.91,-2.64 -8.93,-3.9 -15.09,-3.9 -6.38,0 -11.53,1.16 -15.44,3.48 -3.9,2.45 -5.86,6.04 -5.86,11.03 0,3.38 0.98,6.12 2.94,8.26 1.95,2.22 5.08,4.11 9.4,5.81 4.32,1.61 10.03,3.4 17.12,5.3 10.06,2.21 18.28,4.85 24.66,7.83 6.39,2.96 11.06,6.68 14.03,11.21 2.95,4.56 4.43,10.39 4.43,17.36 0,7.73 -2.1,14.4 -6.29,19.92 -4.19,5.49 -10.09,9.73 -17.66,12.69 -7.56,2.99 -16.38,4.46 -26.44,4.46z"/>
   <path class="fil1" d="M5.63 2237.64c-1.62,0 -2.97,-0.42 -4.04,-1.37 -1.06,-1.06 -1.59,-2.32 -1.59,-3.93l0 -160.49c0,-1.79 0.53,-3.17 1.59,-4.11 1.06,-0.95 2.41,-1.48 4.04,-1.48l6.12 0c1.63,0 2.85,0.42 3.68,1.26l1.46 1.9 55.6 108.3 55.83 -108.3 1.59 -1.9c0.73,-0.84 1.92,-1.26 3.55,-1.26l5.89 0c1.79,0 3.17,0.53 4.15,1.48 0.98,0.95 1.46,2.32 1.46,4.11l0 160.49c0,1.61 -0.49,2.88 -1.46,3.93 -0.98,0.95 -2.37,1.37 -4.15,1.37l-4.42 0c-1.62,0 -2.92,-0.42 -3.91,-1.37 -0.97,-1.06 -1.46,-2.32 -1.46,-3.93l0 -132.73 -46.77 92.07c-0.65,1.61 -1.59,2.88 -2.82,3.62 -1.22,0.84 -2.81,1.27 -4.77,1.27l-5.39 0c-1.96,0 -3.51,-0.42 -4.66,-1.27 -1.15,-0.74 -2.12,-2.01 -2.94,-3.62l-46.77 -92.07 0 132.73c0,1.61 -0.49,2.88 -1.47,3.93 -0.98,0.95 -2.29,1.37 -3.93,1.37l-4.4 0z"/>
   <path class="fil1" d="M262.52 2240.17c-13.22,0 -24.53,-2.53 -33.91,-7.41 -9.39,-4.86 -16.63,-12.37 -21.69,-22.53 -5.06,-10.08 -7.58,-23.09 -7.58,-38.86l0 -99.52c0,-1.79 0.48,-3.17 1.48,-4.11 0.98,-0.95 2.29,-1.48 3.91,-1.48l4.4 0c1.81,0 3.2,0.53 4.17,1.48 0.98,0.95 1.48,2.32 1.48,4.11l0 100.25c0,18.2 4.28,31.76 12.86,40.34 8.58,8.68 20.21,13.01 34.89,13.01 14.53,0 26.09,-4.33 34.66,-13.01 8.58,-8.58 12.86,-22.14 12.86,-40.34l0 -100.25c0,-1.79 0.53,-3.17 1.6,-4.11 1.05,-0.95 2.4,-1.48 4.03,-1.48l4.41 0c1.64,0 2.94,0.53 3.92,1.48 0.98,0.95 1.47,2.32 1.47,4.11l0 99.52c0,15.78 -2.49,28.79 -7.47,38.86 -4.99,10.16 -12.12,17.67 -21.43,22.53 -9.31,4.88 -20.65,7.41 -34.05,7.41z"/>
   <path class="fil1" d="M385.22 2237.64c-1.64,0 -2.95,-0.42 -3.91,-1.37 -0.99,-1.06 -1.47,-2.32 -1.47,-3.93l0 -160.49c0,-1.79 0.48,-3.17 1.47,-4.11 0.97,-0.95 2.28,-1.48 3.91,-1.48l5.14 0c1.62,0 2.87,0.42 3.67,1.26l1.46 1.69 90.38 138.16 0 -135.53c0,-1.79 0.49,-3.17 1.47,-4.11 0.98,-0.95 2.28,-1.48 3.92,-1.48l4.4 0c1.8,0 3.19,0.53 4.17,1.48 0.98,0.95 1.46,2.32 1.46,4.11l0 160.17c0,1.69 -0.48,2.98 -1.46,4.03 -0.98,1.06 -2.29,1.59 -3.92,1.59l-5.39 0c-1.64,0 -2.82,-0.32 -3.56,-1.16l-1.59 -1.69 -90.12 -137.64 0 135.19c0,1.61 -0.49,2.88 -1.47,3.93 -0.98,0.95 -2.36,1.37 -4.17,1.37l-4.4 0z"/>
   <path class="fil1" d="M562.53 2237.64c-1.64,0 -2.95,-0.42 -3.91,-1.37 -0.99,-1.06 -1.47,-2.32 -1.47,-3.93l0 -160.7c0,-1.58 0.48,-2.96 1.47,-3.9 0.97,-0.95 2.28,-1.48 3.91,-1.48l4.65 0c1.63,0 2.94,0.53 3.92,1.48 0.98,0.95 1.47,2.32 1.47,3.9l0 160.7c0,1.61 -0.5,2.88 -1.47,3.93 -0.98,0.95 -2.29,1.37 -3.92,1.37l-4.65 0z"/>
   <path class="fil1" d="M691.33 2240.17c-14.87,0 -26.97,-2.96 -36.36,-8.79 -9.4,-5.7 -16.38,-13.67 -20.94,-23.59 -4.58,-9.97 -7.11,-21.29 -7.6,-34 -0.15,-6.76 -0.26,-13.85 -0.26,-21.58 0,-7.63 0.11,-15.04 0.26,-22.03 0.49,-12.69 3.02,-24.14 7.6,-34.19 4.56,-10.06 11.54,-17.89 20.94,-23.62 9.39,-5.7 21.5,-8.57 36.36,-8.57 11.59,0 21.47,1.71 29.64,4.88 8.15,3.27 14.81,7.63 19.95,12.9 5.15,5.3 8.97,11.03 11.51,17.15 2.54,6.15 3.96,12.09 4.29,18.02 0.17,1.48 -0.3,2.64 -1.35,3.48 -1.06,0.95 -2.33,1.37 -3.79,1.37l-4.91 0c-1.3,0 -2.44,-0.42 -3.42,-1.05 -0.98,-0.74 -1.64,-2.11 -1.97,-4.12 -3.1,-14.51 -8.92,-24.46 -17.5,-29.86 -8.56,-5.41 -19.38,-8.05 -32.44,-8.05 -14.87,0 -26.67,4.22 -35.39,12.61 -8.73,8.33 -13.43,21.79 -14.08,40.21 -0.48,13.45 -0.48,27.23 0,41.18 0.65,18.44 5.35,31.87 14.08,40.34 8.72,8.36 20.52,12.59 35.39,12.59 13.06,0 23.88,-2.75 32.44,-8.15 8.58,-5.28 14.41,-15.23 17.5,-29.84 0.33,-1.9 0.99,-3.27 1.97,-4.04 0.98,-0.74 2.12,-1.06 3.42,-1.06l4.91 0c1.46,0 2.73,0.45 3.79,1.29 1.06,0.95 1.52,2.11 1.35,3.58 -0.33,5.83 -1.75,11.88 -4.29,18 -2.54,6.15 -6.36,11.87 -11.51,17.15 -5.14,5.3 -11.8,9.53 -19.95,12.82 -8.17,3.27 -18.05,4.96 -29.64,4.96z"/>
   <path class="fil1" d="M812.79 2237.64c-1.62,0 -2.94,-0.42 -3.92,-1.37 -0.97,-1.06 -1.46,-2.32 -1.46,-3.93l0 -160.7c0,-1.58 0.49,-2.96 1.46,-3.9 0.99,-0.95 2.3,-1.48 3.92,-1.48l4.65 0c1.65,0 2.95,0.53 3.92,1.48 0.99,0.95 1.48,2.32 1.48,3.9l0 160.7c0,1.61 -0.49,2.88 -1.48,3.93 -0.97,0.95 -2.27,1.37 -3.92,1.37l-4.65 0z"/>
   <path class="fil1" d="M889.22 2152.94l48.24 0c14.19,0 24.77,-3.06 31.7,-9.31 6.95,-6.15 10.41,-15.04 10.41,-26.67 0,-11.56 -3.46,-20.55 -10.41,-26.67 -6.93,-6.25 -17.51,-9.34 -31.7,-9.34l-48.24 0 0 72zm-10.05 84.69c-1.63,0 -2.94,-0.42 -3.92,-1.37 -0.98,-1.06 -1.47,-2.32 -1.47,-3.93l0 -160.49c0,-1.79 0.49,-3.17 1.47,-4.11 0.98,-0.95 2.29,-1.48 3.92,-1.48l59.51 0c11.43,0 21.34,1.9 29.76,5.8 8.4,3.83 14.93,9.42 19.59,16.94 4.65,7.52 6.98,16.83 6.98,27.97 0,11.1 -2.33,20.42 -6.98,27.94 -4.66,7.52 -11.19,13.14 -19.59,17.04 -8.42,3.83 -18.34,5.73 -29.76,5.73l-49.46 0 0 64.66c0,1.61 -0.5,2.88 -1.48,3.93 -0.97,0.95 -2.36,1.37 -4.17,1.37l-4.4 0z"/>
   <path class="fil1" d="M1047.64 2237.64c-1.62,0 -2.93,-0.42 -3.91,-1.37 -0.97,-1.06 -1.47,-2.32 -1.47,-3.93l0 -160.7c0,-1.58 0.5,-2.96 1.47,-3.9 0.99,-0.95 2.29,-1.48 3.91,-1.48l4.65 0c1.64,0 2.95,0.53 3.91,1.48 0.99,0.95 1.48,2.32 1.48,3.9l0 160.7c0,1.61 -0.49,2.88 -1.48,3.93 -0.97,0.95 -2.28,1.37 -3.91,1.37l-4.65 0z"/>
   <path class="fil1" d="M1176.45 2225.45c14.05,0 25.6,-4.22 34.66,-12.69 9.06,-8.58 13.91,-22.35 14.57,-41.4 0.33,-7.41 0.49,-13.88 0.49,-19.37 0,-5.62 -0.16,-11.95 -0.49,-19.37 -0.33,-12.72 -2.66,-23.08 -6.98,-31.13 -4.33,-7.94 -10.13,-13.77 -17.39,-17.46 -7.27,-3.72 -15.56,-5.52 -24.87,-5.52 -9.13,0 -17.33,1.79 -24.61,5.52 -7.27,3.69 -13.06,9.52 -17.38,17.46 -4.34,8.05 -6.74,18.42 -7.23,31.13 -0.17,7.41 -0.25,13.75 -0.25,19.37 0,5.49 0.07,11.95 0.25,19.37 0.66,19.05 5.54,32.82 14.7,41.4 9.13,8.47 20.66,12.69 34.52,12.69zm0 14.72c-13.54,0 -25.05,-2.43 -34.52,-7.31 -9.48,-4.75 -16.74,-12.16 -21.8,-22.21 -5.06,-10.08 -7.86,-22.77 -8.34,-38.12 -0.15,-7.31 -0.24,-14.17 -0.24,-20.53 0,-6.36 0.08,-13.24 0.24,-20.66 0.48,-15.15 3.44,-27.73 8.82,-37.78 5.4,-10.05 12.86,-17.47 22.41,-22.45 9.55,-4.86 20.7,-7.31 33.42,-7.31 12.75,0 23.89,2.45 33.44,7.31 9.55,4.98 17.05,12.4 22.53,22.45 5.47,10.05 8.37,22.64 8.7,37.78 0.33,7.41 0.49,14.3 0.49,20.66 0,6.36 -0.16,13.22 -0.49,20.53 -0.33,15.35 -3.06,28.04 -8.21,38.12 -5.14,10.05 -12.44,17.47 -21.92,22.21 -9.46,4.89 -20.97,7.31 -34.53,7.31z"/>
  </g>
 </g>
</svg>
