<?xml version="1.0" encoding="UTF-8"?>
<!DOCTYPE svg PUBLIC "-//W3C//DTD SVG 1.1//EN" "http://www.w3.org/Graphics/SVG/1.1/DTD/svg11.dtd">
<!-- Creator: CorelDRAW 2021 (64-Bit) -->
<svg xmlns="http://www.w3.org/2000/svg" xml:space="preserve" width="95.9182mm" height="43mm" version="1.1" style="shape-rendering:geometricPrecision; text-rendering:geometricPrecision; image-rendering:optimizeQuality; fill-rule:evenodd; clip-rule:evenodd"
viewBox="0 0 6584.2 2951.69"
 xmlns:xlink="http://www.w3.org/1999/xlink"
 xmlns:xodm="http://www.corel.com/coreldraw/odm/2003">
 <defs>
  <style type="text/css">
   <![CDATA[
    .fil1 {fill:#82C31E;fill-rule:nonzero}
    .fil0 {fill:#96DCE6;fill-rule:nonzero}
    .fil2 {fill:white;fill-rule:nonzero}
   ]]>
  </style>
 </defs>
 <g id="Capa_x0020_1">
  <metadata id="CorelCorpID_0Corel-Layer"/>
  <g id="_2811290265936">
   <g id="Capa_1" data-name="Capa 1">
    <g>
     <g>
      <path class="fil0" d="M1221.25 1829.18l-981.47 1067.61c-18.93,20.51 -4.42,53.95 23.65,53.95l480.18 0 188.34 -221.15 560.93 0 155.86 221.47 507.93 0c27.76,0 42.58,-33.13 23.98,-53.63l-959.09 -1068.23 -0.31 0zm-146.38 644.54l143.87 -178.57 136.6 178.57 -280.46 0z"/>
      <path class="fil1" d="M1221.25 1271.1l-544.84 -298.77 0 1245.23c0,20.18 24.92,29.97 38.8,14.82l291.51 -321.16 0 -367.22 214.53 159 0 0c0,0 214.23,-159.01 214.23,-159.01l0 368.49 287.72 318.01c13.57,15.15 38.8,5.36 38.8,-14.82l0 -1243.33 -540.74 298.77z"/>
      <path class="fil2" d="M2119.43 19.56c-1.89,0.95 -3.78,1.58 -5.36,2.52l-895.34 457.14 -812.38 -414.54 -82.66 -42.27 0 0c-1.89,-1.27 -3.78,-1.9 -5.36,-2.84 -131.88,-62.15 -318.33,27.14 -318.33,221.15l0 2649.45c0,44.8 55.21,66.25 85.49,33.13l493.11 -542.31 0 -1588.8 643.9 357.77 652.11 -360.6 0 1606.13 478.28 527.49c29.97,33.13 85.18,11.99 85.18,-32.81l0 -2649.45c0,-194.02 -186.46,-283.31 -318.33,-220.84l-0.33 -0.31z"/>
     </g>
     <g>
      <g>
       <path class="fil1" d="M2976.29 2948.22c-2.2,0 -3.78,-0.63 -5.05,-1.89 -1.27,-1.27 -1.89,-2.84 -1.89,-5.05l0 -195.61c0,-2.2 0.63,-3.78 1.89,-5.36 1.27,-1.27 2.84,-1.89 5.05,-1.89l123.67 0c2.2,0 3.8,0.63 5.05,1.89 1.27,1.27 1.89,3.16 1.89,5.36l0 11.36c0,2.2 -0.63,3.78 -1.89,5.05 -1.27,1.27 -2.84,1.89 -5.05,1.89l-101.89 0 0 65.62 95.27 0c2.22,0 3.8,0.63 5.05,1.89 1.27,1.27 1.89,3.16 1.89,5.36l0 11.04c0,1.89 -0.63,3.8 -1.89,5.05 -1.25,1.27 -2.83,1.89 -5.05,1.89l-95.27 0 0 68.16 104.11 -0.01c2.2,0 3.78,0.64 5.05,1.89 1.25,1.27 1.89,2.84 1.89,5.05l0 11.68c0,1.89 -0.64,3.78 -1.89,5.05 -1.27,1.27 -2.84,1.89 -5.05,1.89l-126.2 0 0.31 -0.31z"/>
       <path class="fil1" d="M3165.28 2948.22c-2.2,0 -3.78,-0.63 -5.05,-1.89 -1.27,-1.27 -1.89,-2.84 -1.89,-5.05l0 -195.92c0,-1.89 0.63,-3.78 1.89,-5.05 1.27,-1.27 2.84,-1.89 5.05,-1.89l15.77 0c1.89,0 3.78,0.63 5.05,1.89 1.25,1.27 1.89,2.84 1.89,5.05l0 176.68 99.38 0c2.2,0 3.78,0.63 5.36,1.89 1.27,1.27 1.89,3.16 1.89,5.36l0 11.99c0,1.89 -0.63,3.78 -1.89,5.05 -1.27,1.25 -3.16,1.89 -5.36,1.89l-122.09 0z"/>
       <path class="fil1" d="M3414.51 2948.22c-2.2,0 -3.78,-0.63 -5.05,-1.89 -1.27,-1.27 -1.89,-2.84 -1.89,-5.05l0 -195.92c0,-1.89 0.63,-3.78 1.89,-5.05 1.27,-1.27 2.84,-1.89 5.05,-1.89l15.77 0c1.89,0 3.8,0.63 5.05,1.89 1.27,1.27 1.89,2.84 1.89,5.05l0 176.68 99.38 0c2.22,0 3.8,0.63 5.38,1.89 1.25,1.27 1.89,3.16 1.89,5.36l0 11.99c0,1.89 -0.64,3.78 -1.89,5.05 -1.27,1.25 -3.16,1.89 -5.38,1.89l-122.09 0z"/>
       <path class="fil1" d="M3657.43 2951.05c-16.73,0 -31.23,-3.14 -43.22,-8.83 -11.99,-5.99 -21.45,-15.13 -27.76,-27.45 -6.63,-12.3 -9.78,-28.08 -9.78,-47.32l0 -121.46c0,-2.2 0.63,-3.78 1.89,-5.36 1.27,-1.27 2.84,-1.89 5.05,-1.89l15.15 0c2.2,0 3.8,0.64 5.36,1.9 1.58,1.25 1.9,3.14 1.9,5.36l0 122.09c0,19.56 4.72,34.06 13.88,43.54 9.15,9.46 21.76,14.19 37.85,14.19 16.1,0 28.4,-4.74 37.55,-14.19 9.15,-9.47 13.88,-23.98 13.88,-43.54l0 -122.09c0,-2.2 0.63,-3.8 1.89,-5.36 1.27,-1.58 2.84,-1.9 5.05,-1.9l15.46 0c1.89,0 3.47,0.64 5.04,1.9 1.58,1.25 1.9,3.14 1.9,5.36l0 121.46c0,19.24 -3.16,35.33 -9.78,47.32 -6.63,12.3 -15.77,21.45 -27.76,27.45 -11.99,5.99 -26.5,8.83 -43.54,8.83l0 -0.01z"/>
       <path class="fil1" d="M3872.27 2951.05c-17.67,0 -32.81,-3.14 -45.1,-9.77 -12.32,-6.63 -21.77,-15.79 -28.09,-27.76 -6.61,-11.99 -10.09,-26.2 -11.04,-42.28 0,-8.83 0,-17.98 0,-28.08 0,-10.1 0,-19.24 0,-28.39 0.95,-16.09 4.42,-30.29 11.04,-41.96 6.63,-11.99 15.79,-21.14 28.4,-27.45 12.62,-6.31 27.45,-9.78 44.8,-9.78 13.88,0 26.18,1.89 36.6,6 10.4,4.1 18.92,9.15 25.55,15.13 6.63,6 11.68,12.3 14.83,18.93 3.16,6.63 5.05,12.3 5.36,17.35 0,1.89 0,3.16 -1.58,4.42 -1.27,0.94 -2.84,1.58 -4.74,1.58l-17.67 0c-1.89,0 -3.47,-0.31 -4.42,-1.27 -0.94,-0.94 -1.89,-2.2 -2.52,-4.1 -1.89,-5.05 -4.74,-10.41 -8.83,-15.15 -4.11,-5.04 -9.47,-9.15 -16.41,-12.3 -6.94,-3.16 -15.77,-5.05 -26.18,-5.05 -16.09,0 -28.7,4.42 -38.49,12.94 -9.77,8.52 -14.83,22.71 -15.77,42.58 -0.63,17.67 -0.63,35.66 0,53.32 0.63,19.87 5.99,34.39 15.77,42.91 9.78,8.83 22.71,12.93 38.49,12.93 10.41,0 19.88,-1.89 28.39,-5.99 8.21,-4.11 14.83,-10.1 19.57,-17.99 4.72,-7.88 7.25,-18.29 7.25,-30.92l0 -12.62 -44.8 0c-1.89,0 -3.78,-0.63 -5.04,-1.89 -1.27,-1.27 -1.9,-3.16 -1.9,-5.36l0 -9.47c0,-2.2 0.64,-3.78 1.9,-5.36 1.25,-1.58 2.83,-1.89 5.04,-1.89l67.83 0c2.22,0 3.8,0.64 5.05,1.89 1.27,1.27 1.89,3.16 1.89,5.38l0 28.7c0,16.41 -3.47,30.61 -10.09,42.91 -6.63,12.3 -16.41,21.45 -29.34,28.39 -12.94,6.94 -28.08,10.1 -45.43,10.1l-0.33 -0.64z"/>
       <path class="fil1" d="M3989 2948.22c-1.57,0 -3.14,-0.63 -4.1,-1.89 -1.27,-1.27 -1.89,-2.53 -1.89,-4.11 0,-0.94 0,-2.2 0,-3.14l74.14 -193.72c0.63,-1.89 1.89,-3.47 3.16,-4.72 1.25,-1.27 3.47,-1.89 6.3,-1.89l20.51 -0.01c2.84,0 5.05,0.64 6.31,1.9 1.27,1.25 2.52,2.83 3.14,4.72l74.14 193.7c0,0 0.63,2.22 0.63,3.16 0,1.58 -0.63,2.84 -1.89,4.11 -1.27,1.25 -2.52,1.89 -4.1,1.89l-15.15 0c-2.52,0 -4.1,-0.63 -5.36,-1.89 -1.27,-1.27 -1.89,-2.2 -2.2,-3.16l-16.41 -42.58 -98.11 -0.01 -16.41 42.6c0,0 -0.94,2.2 -2.2,3.16 -1.27,1.25 -3.14,1.89 -5.36,1.89l-15.15 0zm47.96 -73.52l80.76 0 -40.38 -106.32 -40.38 106.32z"/>
       <path class="fil1" d="M4218.36 2948.22c-2.2,0 -3.78,-0.63 -5.04,-1.89 -1.27,-1.27 -1.9,-2.84 -1.9,-5.05l0 -195.61c0,-2.2 0.64,-3.78 1.9,-5.36 1.25,-1.27 2.83,-1.89 5.04,-1.89l73.2 0c22.71,0 40.38,5.36 53.62,15.77 13.26,10.74 19.88,26.2 19.88,47.01 0,15.46 -3.78,27.76 -11.68,37.55 -7.57,9.78 -17.98,16.4 -31.23,20.18l46.07 79.82c0,0 0.94,2.2 0.94,3.16 0,1.58 -0.63,2.84 -1.89,4.1 -1.27,1.27 -2.84,1.89 -4.41,1.89l-14.52 0.01c-3.47,0 -5.99,-0.95 -7.57,-2.84 -1.58,-1.89 -2.84,-3.47 -4.11,-5.36l-43.54 -76.04 -52.37 0 0 77.3c0,1.89 -0.63,3.78 -1.89,5.04 -1.27,1.27 -3.16,1.9 -5.36,1.9l-15.15 0 0 0.31zm22.4 -109.79l49.54 0c14.82,0 26.18,-3.16 33.44,-9.47 7.25,-6.3 11.04,-15.77 11.04,-28.08 0,-12.3 -3.78,-21.45 -11.04,-27.76 -7.25,-6.3 -18.62,-9.46 -33.76,-9.46l-49.53 0 0 74.77 0.31 0z"/>
       <path class="fil1" d="M4502.94 2948.22c-2.2,0 -3.78,-0.63 -5.05,-1.89 -1.27,-1.27 -1.89,-2.84 -1.89,-5.05l0 -195.61c0,-2.2 0.63,-3.78 1.89,-5.36 1.27,-1.27 2.84,-1.89 5.05,-1.89l68.14 0c20.51,0 37.24,3.16 49.85,9.15 12.62,6 21.76,15.46 27.45,27.45 5.68,11.99 8.83,26.82 9.15,44.49 0,8.83 0,16.71 0,23.65 0,6.94 0,14.51 0,23.35 -0.31,18.29 -3.47,33.44 -9.15,45.74 -5.69,11.99 -14.83,21.14 -26.82,26.81 -12.3,6 -28.39,8.85 -48.59,8.85l-69.41 0 -0.63 0.31zm22.4 -25.56l45.43 0c13.88,0 24.61,-1.89 32.81,-5.68 8.21,-3.78 14.19,-9.78 17.67,-18.3 3.78,-8.51 5.68,-19.56 5.99,-33.11 0.33,-6 0.64,-11.36 0.64,-15.79l0 -13.56c0,-4.42 0,-9.78 -0.64,-15.46 -0.31,-19.24 -5.05,-33.76 -13.88,-42.91 -8.83,-9.15 -23.65,-13.88 -44.16,-13.88l-44.16 0 0 158.69 0.31 0z"/>
       <path class="fil1" d="M4716.84 2948.22c-2.2,0 -3.78,-0.63 -5.05,-1.89 -1.27,-1.27 -1.89,-2.84 -1.89,-5.05l0 -195.61c0,-2.2 0.63,-3.78 1.89,-5.36 1.27,-1.27 2.84,-1.89 5.05,-1.89l123.67 0c2.2,0 3.78,0.63 5.05,1.89 1.27,1.27 1.89,3.16 1.89,5.36l0 11.36c0,2.2 -0.63,3.78 -1.89,5.05 -1.27,1.27 -2.84,1.89 -5.05,1.89l-101.91 0 0 65.62 95.28 0c2.2,0 3.8,0.63 5.05,1.89 1.27,1.27 1.89,3.16 1.89,5.36l0 11.04c0,1.89 -0.63,3.8 -1.89,5.05 -1.27,1.27 -2.84,1.89 -5.05,1.89l-95.28 0 0 68.16 104.11 -0.01c2.22,0 3.8,0.64 5.05,1.89 1.27,1.27 1.89,2.84 1.89,5.05l0 11.68c0,1.89 -0.63,3.78 -1.89,5.05 -1.27,1.27 -2.83,1.89 -5.05,1.89l-126.19 0 0.31 -0.31z"/>
       <path class="fil1" d="M4986.58 2948.22c-2.2,0 -3.78,-0.63 -5.05,-1.89 -1.27,-1.27 -1.89,-2.84 -1.89,-5.05l0 -195.92c0,-1.89 0.63,-3.78 1.89,-5.05 1.27,-1.27 2.84,-1.89 5.05,-1.89l15.77 0c1.89,0 3.78,0.63 5.05,1.89 1.27,1.27 1.89,2.84 1.89,5.05l0 176.68 99.38 0c2.2,0 3.8,0.63 5.36,1.89 1.27,1.27 1.9,3.16 1.9,5.36l0 11.99c0,1.89 -0.64,3.78 -1.9,5.05 -1.25,1.25 -3.14,1.89 -5.36,1.89l-122.09 0z"/>
       <path class="fil1" d="M5141.79 2948.22c-1.58,0 -3.16,-0.63 -4.1,-1.89 -1.27,-1.27 -1.89,-2.53 -1.89,-4.11 0,-0.94 0,-2.2 0,-3.14l74.13 -193.72c0.64,-1.89 1.9,-3.47 3.16,-4.72 1.27,-1.27 3.47,-1.89 6.31,-1.89l20.51 -0.01c2.83,0 5.05,0.64 6.3,1.9 1.27,1.25 2.53,2.83 3.16,4.72l74.14 193.7c0,0 0.63,2.22 0.63,3.16 0,1.58 -0.63,2.84 -1.89,4.11 -1.27,1.25 -2.52,1.89 -4.1,1.89l-15.15 0c-2.52,0 -4.1,-0.63 -5.36,-1.89 -1.27,-1.27 -1.89,-2.2 -2.2,-3.16l-16.41 -42.58 -98.11 -0.01 -16.41 42.6c0,0 -0.94,2.2 -2.2,3.16 -1.27,1.25 -3.16,1.89 -5.36,1.89l-15.15 0zm47.96 -73.52l80.76 0 -40.38 -106.32 -40.38 106.32z"/>
       <path class="fil1" d="M5444.03 2948.22c-2.2,0 -3.78,-0.63 -5.05,-1.89 -1.27,-1.27 -1.89,-2.84 -1.89,-5.05l0 -195.61c0,-2.2 0.63,-3.78 1.89,-5.36 1.27,-1.27 2.84,-1.89 5.05,-1.89l122.09 0c2.2,0 3.8,0.63 5.36,1.89 1.58,1.27 1.9,3.16 1.9,5.36l0 11.99c0,2.22 -0.64,3.8 -1.9,5.05 -1.25,1.27 -3.14,1.89 -5.36,1.89l-100 0 0 69.72 94.01 0c2.2,0 3.78,0.64 5.36,1.89 1.27,1.27 1.89,3.16 1.89,5.38l0 11.98c0,1.9 -0.63,3.8 -1.89,5.05 -1.27,1.27 -3.16,1.89 -5.36,1.89l-94.01 0 0 80.77c0,1.89 -0.63,3.78 -1.89,5.05 -1.27,1.25 -3.16,1.89 -5.36,1.89l-14.83 0z"/>
       <path class="fil1" d="M5592.62 2948.22c-1.57,0 -3.14,-0.63 -4.1,-1.89 -1.27,-1.27 -1.89,-2.53 -1.89,-4.11 0,-0.94 0,-2.2 0,-3.14l74.14 -193.72c0.63,-1.89 1.89,-3.47 3.14,-4.72 1.27,-1.27 3.47,-1.89 6.31,-1.89l20.51 -0.01c2.84,0 5.05,0.64 6.31,1.9 1.25,1.25 2.52,2.83 3.14,4.72l74.14 193.7c0,0 0.63,2.22 0.63,3.16 0,1.58 -0.63,2.84 -1.89,4.11 -1.27,1.25 -2.52,1.89 -4.1,1.89l-15.15 0c-2.52,0 -4.1,-0.63 -5.36,-1.89 -1.27,-1.27 -1.89,-2.2 -2.2,-3.16l-16.41 -42.58 -98.11 -0.01 -16.4 42.6c0,0 -0.95,2.2 -2.22,3.16 -1.25,1.25 -3.14,1.89 -5.36,1.89l-15.15 0zm47.96 -73.52l80.76 0 -40.38 -106.32 -40.38 106.32z"/>
       <path class="fil1" d="M5821.67 2948.22c-1.89,0 -3.78,-0.63 -5.05,-1.89 -1.25,-1.27 -1.89,-2.84 -1.89,-5.05l0 -195.61c0,-2.2 0.63,-3.78 1.89,-5.36 1.27,-1.58 2.84,-1.89 5.05,-1.89l14.83 0c2.52,0 4.1,0.63 5.36,1.89 1.27,1.27 1.89,2.2 2.52,3.16l63.11 121.15 63.72 -121.15c0,0 1.27,-1.89 2.2,-3.16 0.95,-1.27 2.84,-1.89 5.38,-1.89l14.51 0c2.2,0 3.78,0.63 5.36,1.89 1.27,1.27 1.89,3.16 1.89,5.36l0 195.61c0,1.89 -0.63,3.78 -1.89,5.05 -1.27,1.27 -3.16,1.89 -5.36,1.89l-14.52 0c-1.89,0 -3.78,-0.63 -5.04,-1.89 -1.27,-1.27 -1.9,-2.84 -1.9,-5.05l0 -147.34 -50.16 97.8c-0.94,1.9 -1.89,3.47 -3.47,4.74 -1.57,1.27 -3.47,1.58 -5.99,1.58l-9.15 0c-2.52,0 -4.74,-0.63 -5.99,-1.58 -1.27,-0.94 -2.53,-2.52 -3.47,-4.74l-50.16 -97.8 0 147.34c0,1.89 -0.64,3.78 -1.89,5.05 -1.27,1.27 -2.84,1.89 -5.05,1.89l-14.83 0z"/>
       <path class="fil1" d="M6067.11 2948.22c-2.2,0 -3.78,-0.63 -5.04,-1.89 -1.27,-1.27 -1.9,-2.84 -1.9,-5.05l0 -195.92c0,-1.89 0.64,-3.78 1.9,-5.05 1.25,-1.27 2.83,-1.89 5.04,-1.89l15.77 0c2.2,0 3.8,0.63 5.05,1.89 1.27,1.27 1.89,2.84 1.89,5.05l0 195.92c0,1.89 -0.63,3.78 -1.89,5.05 -1.27,1.27 -2.84,1.89 -5.05,1.89l-15.77 0z"/>
       <path class="fil1" d="M6156.4 2948.22c-2.2,0 -3.8,-0.63 -5.05,-1.89 -1.27,-1.27 -1.89,-2.84 -1.89,-5.05l0 -195.92c0,-1.89 0.63,-3.78 1.89,-5.05 1.27,-1.27 2.84,-1.89 5.05,-1.89l15.77 0c1.89,0 3.78,0.63 5.05,1.89 1.25,1.27 1.89,2.84 1.89,5.05l0 176.68 99.38 0c2.2,0 3.78,0.63 5.36,1.89 1.27,1.27 1.89,3.16 1.89,5.36l0 11.99c0,1.89 -0.63,3.78 -1.89,5.05 -1.27,1.25 -3.16,1.89 -5.36,1.89l-122.09 0z"/>
       <path class="fil1" d="M6332.44 2948.22c-2.2,0 -3.78,-0.63 -5.05,-1.89 -1.27,-1.27 -1.89,-2.84 -1.89,-5.05l0 -195.92c0,-1.89 0.63,-3.78 1.89,-5.05 1.27,-1.27 2.84,-1.89 5.05,-1.89l15.77 0c2.2,0 3.78,0.63 5.05,1.89 1.27,1.27 1.89,2.84 1.89,5.05l0 195.92c0,1.89 -0.63,3.78 -1.89,5.05 -1.27,1.27 -2.84,1.89 -5.05,1.89l-15.77 0z"/>
       <path class="fil1" d="M6400.59 2948.22c-1.58,0 -3.16,-0.63 -4.1,-1.89 -1.27,-1.27 -1.89,-2.53 -1.89,-4.11 0,-0.94 0,-2.2 0,-3.14l74.13 -193.72c0.64,-1.89 1.89,-3.47 3.16,-4.72 1.27,-1.27 3.47,-1.89 6.31,-1.89l20.5 -0.01c2.84,0 5.05,0.64 6.31,1.9 1.27,1.25 2.53,2.83 3.16,4.72l74.14 193.7c0,0 0.63,2.22 0.63,3.16 0,1.58 -0.63,2.84 -1.89,4.11 -1.27,1.25 -2.53,1.89 -4.11,1.89l-15.13 0c-2.53,0 -4.11,-0.63 -5.38,-1.89 -1.25,-1.27 -1.89,-2.2 -2.2,-3.16l-16.4 -42.58 -98.11 -0.01 -16.41 42.6c0,0 -0.94,2.2 -2.2,3.16 -1.27,1.25 -3.16,1.89 -5.36,1.89l-15.15 0zm47.96 -73.52l80.76 0 -40.38 -106.32 -40.38 106.32z"/>
      </g>
      <g>
       <path class="fil2" d="M2985.13 1273.61c-5.05,0 -9.15,-1.58 -12.3,-4.74 -3.16,-3.14 -4.72,-6.94 -4.72,-11.66l0 -443.89c0,-5.05 1.57,-9.16 4.72,-12.32 3.16,-3.14 7.25,-4.72 12.3,-4.72l53.95 0c6.31,0 11.05,1.57 14.19,5.04 3.16,3.47 5.36,6 6,7.89l131.55 245.45 133.14 -245.45c0.95,-1.89 2.84,-4.42 5.99,-7.89 3.16,-3.47 7.89,-5.04 14.19,-5.04l53.32 0c5.05,0 9.16,1.57 12.32,4.72 3.14,3.16 4.72,7.25 4.72,12.3l0 443.9c0,4.41 -1.58,8.51 -4.72,11.66 -3.16,3.16 -7.27,4.74 -12.32,4.74l-57.42 0c-5.04,0 -8.83,-1.58 -11.98,-4.74 -2.84,-3.14 -4.42,-6.94 -4.42,-11.66l0 -295.3 -95.59 182.04c-2.2,4.1 -5.36,7.57 -8.83,10.72 -3.8,2.84 -8.52,4.42 -14.19,4.42l-28.08 -0.01c-6.31,0 -11.36,-1.58 -14.52,-4.41 -3.47,-2.84 -6.3,-6.63 -8.52,-10.74l-95.59 -182.03 0 295.3c0,4.41 -1.57,8.51 -4.72,11.66 -3.16,3.16 -6.94,4.74 -11.68,4.74l-57.42 0 0.63 0z"/>
       <path class="fil2" d="M3532.81 1273.61c-3.78,0 -6.94,-1.27 -9.78,-4.1 -2.83,-2.84 -4.41,-6 -4.41,-10.1 0,-1.89 0.31,-3.78 1.27,-6l164.36 -439.78c1.27,-4.42 4.11,-8.52 7.89,-11.99 3.78,-3.47 9.15,-5.05 16.09,-5.05l74.46 0c6.94,0 11.99,1.58 15.77,5.05 3.78,3.47 6.31,7.25 8.21,11.99l164.36 439.78c0.31,2.22 0.63,4.42 0.63,6 0,4.1 -1.25,7.57 -4.1,10.1 -2.83,2.52 -5.99,4.1 -9.46,4.1l-59.31 0c-6.31,0 -11.05,-1.58 -13.88,-4.42 -2.84,-2.83 -5.05,-5.68 -5.69,-8.51l-32.17 -83.29 -202.55 0 -32.17 83.29c-0.95,2.83 -2.84,5.68 -5.68,8.51 -2.84,2.84 -7.58,4.42 -13.88,4.42l-59.31 0 -0.64 0zm135.03 -174.46l154.9 0 -77.61 -210.76 -76.98 210.76 -0.31 0z"/>
       <path class="fil2" d="M4092.18 1273.61c-4.42,0 -8.52,-1.58 -11.68,-4.74 -3.16,-3.14 -4.72,-6.94 -4.72,-11.66l0 -444.53c0,-4.41 1.57,-8.52 4.72,-11.66 3.16,-3.16 6.94,-4.74 11.68,-4.74l63.41 0c4.42,0 8.52,1.57 11.68,4.72 3.16,3.16 4.72,6.94 4.72,11.68l0 379.84 216.12 0c5.05,0 9.15,1.58 12.3,4.74 3.16,3.16 4.74,7.25 4.74,12.3l0 47.65c0,4.41 -1.58,8.52 -4.74,11.66 -3.16,3.16 -7.25,4.74 -12.3,4.74l-295.92 0z"/>
       <path class="fil2" d="M4588.12 1273.61c-7.25,0 -12.94,-1.89 -17.04,-5.36 -4.1,-3.78 -6.94,-8.21 -8.83,-13.57l-146.07 -437.9c-0.95,-2.2 -1.27,-4.41 -1.27,-5.99 0,-4.1 1.27,-7.57 4.1,-10.1 2.84,-2.84 6,-4.1 10.1,-4.1l59.95 0c6.31,0 11.36,1.58 14.51,5.05 3.16,3.47 5.69,6.61 6.63,9.77l115.15 351.14 114.52 -351.14c1.27,-3.14 3.8,-6.61 7.27,-9.77 3.47,-3.16 8.19,-5.05 14.51,-5.05l59.94 0c3.78,0 6.94,1.27 9.78,4.1 2.84,2.84 4.41,6 4.41,10.1 0,1.89 -0.31,3.78 -1.25,5.99l-146.07 437.9c-1.9,5.36 -4.74,10.1 -8.85,13.57 -4.1,3.78 -9.77,5.36 -17.03,5.36l-75.08 0 0.63 0z"/>
       <path class="fil2" d="M4965.75 1273.61c-4.42,0 -8.52,-1.58 -11.68,-4.74 -3.14,-3.14 -4.72,-6.94 -4.72,-11.66l0 -444.53c0,-4.41 1.58,-8.52 4.72,-11.66 3.16,-3.16 6.94,-4.74 11.68,-4.74l64.05 0c5.05,0 8.83,1.57 11.99,4.72 2.84,3.16 4.41,6.94 4.41,11.68l0 444.51c0,4.42 -1.57,8.52 -4.41,11.68 -2.84,3.16 -6.94,4.72 -11.99,4.72l-64.05 0.01z"/>
       <path class="fil2" d="M5210.57 1273.61c-4.42,0 -8.52,-1.58 -11.68,-4.74 -3.16,-3.14 -4.72,-6.94 -4.72,-11.66l0 -443.89c0,-5.05 1.57,-9.16 4.72,-12.32 3.16,-3.14 6.94,-4.72 11.68,-4.72l52.37 0c6.31,0 11.04,1.57 13.88,4.41 2.84,2.84 4.74,5.05 5.68,6.63l196.55 305.71 0 -299.39c0,-5.05 1.58,-9.16 4.42,-12.32 2.83,-3.14 6.94,-4.72 11.99,-4.72l57.42 0c5.05,0 9.15,1.58 12.3,4.72 3.16,3.16 4.74,7.27 4.74,12.32l0 443.25c0,5.05 -1.58,9.16 -4.74,12.32 -3.16,3.14 -6.94,4.72 -11.68,4.72l-53.32 0c-6.3,0 -11.04,-1.58 -13.56,-4.72 -2.84,-3.16 -4.74,-5.38 -6,-6l-195.6 -298.77 0 293.41c0,4.42 -1.58,8.52 -4.74,11.68 -3.16,3.14 -7.25,4.72 -12.3,4.72l-57.42 0 0 -0.63z"/>
       <path class="fil2" d="M5688.21 1273.61c-3.78,0 -6.94,-1.27 -9.77,-4.1 -2.84,-2.84 -4.42,-6 -4.42,-10.1 0,-1.89 0.31,-3.78 1.27,-6l164.37 -439.78c1.25,-4.42 4.1,-8.52 7.88,-11.99 3.78,-3.47 9.15,-5.05 16.09,-5.05l74.46 0c6.94,0 11.99,1.58 15.77,5.05 3.8,3.47 6.31,7.25 8.21,11.99l164.37 439.78c0.31,2.22 0.63,4.42 0.63,6 0,4.1 -1.27,7.57 -4.1,10.1 -2.84,2.52 -6,4.1 -9.47,4.1l-59.31 0c-6.31,0 -11.04,-1.58 -13.88,-4.42 -2.84,-2.83 -5.05,-5.68 -5.68,-8.51l-32.19 -83.29 -202.54 0 -32.19 83.29c-0.94,2.83 -2.84,5.68 -5.68,8.51 -2.84,2.84 -7.57,4.42 -13.88,4.42l-59.31 0 -0.64 0zm135.03 -174.46l154.9 0 -77.61 -210.76 -76.98 210.76 -0.31 0z"/>
       <path class="fil2" d="M6389.86 1280.56c-42.27,0 -77.61,-6.31 -106,-18.62 -28.39,-12.62 -50.16,-28.7 -64.67,-49.21 -14.83,-20.2 -22.73,-41.33 -23.67,-63.73 0,-4.1 1.27,-7.57 4.1,-10.09 2.84,-2.53 6,-4.11 10.1,-4.11l60.58 0c6,0 10.41,1.27 13.26,3.8 2.84,2.52 5.68,5.68 7.88,9.15 2.84,8.52 7.89,17.03 15.79,25.55 7.57,8.52 18.29,15.46 31.86,20.82 13.57,5.36 30.28,8.21 50.79,8.21 32.81,0 57.11,-5.36 73.19,-16.4 16.1,-11.05 24.29,-25.56 24.29,-44.49 0,-13.26 -4.41,-23.67 -12.93,-31.86 -8.52,-7.89 -22.09,-15.15 -39.75,-21.77 -17.98,-6.63 -41.64,-13.57 -71.3,-20.82 -34.08,-8.21 -62.78,-17.98 -85.49,-29.66 -23.03,-11.68 -40.38,-26.18 -51.74,-43.85 -11.68,-17.67 -17.35,-40.38 -17.35,-67.52 0,-27.12 7.25,-49.85 21.45,-70.35 14.19,-20.51 34.7,-36.6 61.53,-48.59 26.5,-11.68 58.36,-17.67 95.27,-17.67 29.66,0 55.53,4.1 78.57,11.99 22.71,7.88 41.64,18.29 56.47,31.23 15.15,12.93 26.5,26.81 34.39,41.64 7.89,14.82 12.3,29.33 12.62,43.21 0,3.8 -1.27,6.94 -3.78,9.78 -2.53,2.84 -6,4.42 -10.72,4.42l-63.42 -0.01c-3.78,0 -7.25,-0.94 -11.04,-2.83 -3.78,-1.9 -6.63,-5.38 -8.83,-10.1 -2.84,-14.19 -11.68,-26.18 -26.51,-36.28 -14.82,-10.1 -34.38,-15.15 -58.04,-15.15 -23.65,0 -44.48,4.42 -59.31,13.57 -15.15,9.15 -22.4,23.34 -22.4,42.27 0,12.63 3.78,23.35 11.36,31.87 7.57,8.52 19.56,15.77 36.28,22.07 16.71,6.31 38.49,13.26 65.94,20.51 38.49,8.52 70.35,18.62 94.64,29.97 24.61,11.36 42.58,25.87 53.95,43.22 11.36,17.67 17.04,39.75 17.04,66.56 0,29.98 -8.21,55.53 -24.29,76.68 -16.09,21.14 -38.81,37.54 -67.83,48.9 -29.03,11.35 -63.11,17.03 -101.59,17.03l-0.63 0.64z"/>
      </g>
      <g>
       <path class="fil2" d="M2979.14 1835.81c-2.84,0 -5.36,-0.94 -7.57,-3.16 -2.22,-2.2 -3.47,-4.72 -3.47,-7.88 0,-1.27 0.31,-2.84 0.94,-4.74l124.62 -333.15c0.94,-3.47 3.14,-6.31 5.99,-9.15 2.84,-2.53 6.94,-3.8 11.99,-3.8l56.15 0c5.05,0 9.15,1.27 11.99,3.8 2.84,2.52 4.74,5.68 6.31,9.15l124.62 333.15c0.31,1.58 0.63,3.16 0.63,4.74 0,3.16 -0.95,5.68 -3.16,7.88 -2.2,2.22 -4.42,3.16 -7.25,3.16l-44.8 0c-4.72,0 -8.19,-1.27 -10.72,-3.47 -2.2,-2.2 -3.78,-4.41 -4.42,-6.31l-24.29 -63.09 -153.32 0 -24.29 63.11c-0.63,2.2 -2.2,4.1 -4.41,6.3 -2.22,2.22 -5.69,3.47 -10.74,3.47l-44.79 0zm102.22 -132.19l117.35 0 -59 -159.64 -58.36 159.64z"/>
       <path class="fil2" d="M3412.93 1835.81c-3.47,0 -6.3,-1.27 -8.83,-3.47 -2.52,-2.2 -3.47,-5.36 -3.47,-8.83l0 -336.3c0,-3.8 1.27,-6.94 3.47,-9.15 2.53,-2.53 5.36,-3.47 8.83,-3.47l133.77 0c41.64,0 74.46,9.77 98.75,29.02 23.98,19.24 36.28,47.32 36.28,84.24 0,25.55 -6.31,46.69 -18.93,63.41 -12.62,16.73 -29.34,29.03 -50.48,36.6l75.4 131.88c0.95,2.2 1.58,4.1 1.58,5.68 0,3.16 -1.27,5.68 -3.47,7.88 -2.2,2.22 -4.72,3.16 -7.57,3.16l-47.01 0.01c-6,0 -10.41,-1.58 -13.57,-4.74 -3.16,-3.16 -5.68,-6.31 -7.25,-9.15l-66.56 -122.4 -71.94 -0.01 0 124c0,3.47 -1.27,6.3 -3.47,8.83 -2.2,2.52 -5.36,3.47 -9.15,3.47l-47.01 0 0.63 -0.64zm59.62 -194.97l72.89 0c21.14,0 36.6,-4.74 47.01,-14.19 10.41,-9.46 15.45,-22.71 15.45,-40.07 0,-17.35 -5.04,-30.59 -15.13,-40.69 -10.1,-10.1 -25.87,-14.83 -47.32,-14.83l-72.89 0 0 109.47 0 0.31z"/>
       <path class="fil2" d="M3929.07 1840.86c-31.55,0 -58.68,-5.36 -80.76,-16.4 -22.09,-11.05 -39.44,-26.82 -51.74,-47.65 -12.3,-20.82 -18.93,-45.74 -19.88,-74.77 -0.31,-14.83 -0.63,-30.59 -0.63,-47.63 0,-17.04 0,-33.13 0.63,-48.27 0.95,-28.72 7.58,-53.01 19.88,-73.5 12.3,-20.2 29.66,-35.97 52.06,-47.01 22.71,-11.05 49.21,-16.41 80.45,-16.41 25.23,0 47.32,3.47 66.25,10.1 18.93,6.63 34.7,15.46 47.32,25.87 12.62,10.41 22.09,21.76 28.4,33.75 6.3,11.99 9.77,23.35 10.09,33.44 0.33,3.16 -0.63,5.69 -2.52,7.89 -1.89,2.2 -4.74,3.16 -8.21,3.16l-53.31 0c-3.47,0 -6,-0.63 -7.89,-2.2 -1.89,-1.58 -3.16,-3.47 -4.74,-6.31 -2.83,-7.25 -6.94,-14.51 -12.93,-21.45 -6,-6.94 -13.88,-12.94 -23.67,-17.67 -10.09,-4.74 -23.03,-7.25 -38.8,-7.25 -23.34,0 -41.96,6.3 -56.15,18.6 -13.88,12.3 -21.46,32.81 -22.4,61.51 -0.95,29.98 -0.95,60.26 0,90.87 0.94,29.34 8.83,50.16 23.03,63.09 14.19,12.62 33.13,19.24 56.47,19.24 15.46,0 29.34,-2.84 41.64,-8.19 12.3,-5.36 21.77,-14.19 29.03,-25.87 6.94,-11.68 10.72,-26.82 10.72,-44.8l0 -16.09 -63.09 0c-3.47,0 -6.31,-1.27 -8.83,-3.47 -2.53,-2.53 -3.47,-5.36 -3.47,-9.16l0 -27.44c0,-3.8 1.27,-6.94 3.47,-9.47 2.2,-2.52 5.36,-3.47 8.83,-3.47l123.36 0c3.78,0 6.94,1.27 9.15,3.47 2.2,2.53 3.47,5.68 3.47,9.47l0 54.26c0,29.03 -6.3,53.95 -18.93,74.77 -12.62,21.14 -30.59,37.22 -53.63,48.59 -23.34,11.35 -50.79,17.04 -82.34,17.04l-0.31 -0.64z"/>
       <path class="fil2" d="M4203.85 1835.81c-3.47,0 -6.31,-1.27 -8.83,-3.47 -2.53,-2.2 -3.47,-5.36 -3.47,-8.83l0 -336.3c0,-3.8 1.27,-6.94 3.47,-9.15 2.52,-2.53 5.36,-3.47 8.83,-3.47l227.47 0c3.78,0 6.94,1.25 9.15,3.47 2.52,2.52 3.47,5.36 3.47,9.15l0 34.06c0,3.47 -1.27,6.31 -3.47,8.83 -2.52,2.53 -5.36,3.47 -9.15,3.47l-170.05 0 0 91.5 158.69 0c3.8,0 6.94,1.27 9.15,3.47 2.53,2.2 3.47,5.36 3.47,9.15l0 32.19c0,3.78 -1.25,6.94 -3.47,9.15 -2.52,2.2 -5.36,3.47 -9.15,3.47l-158.69 0 0 94.65 174.15 0c3.78,0 6.94,1.25 9.15,3.47 2.53,2.52 3.47,5.68 3.47,9.46l0 34.08c0,3.47 -1.27,6.3 -3.47,8.83 -2.2,2.52 -5.36,3.47 -9.15,3.47l-231.57 0 0 -0.64z"/>
       <path class="fil2" d="M4566.67 1835.81c-3.47,0 -6.31,-1.27 -8.85,-3.47 -2.52,-2.2 -3.47,-5.36 -3.47,-8.83l0 -336.3c0,-3.8 1.27,-6.94 3.47,-9.15 2.53,-2.53 5.38,-3.47 8.85,-3.47l39.74 0c4.74,0 8.21,1.25 10.74,3.47 2.52,2.2 3.78,3.78 4.41,5.04l148.91 231.57 0 -226.83c0,-3.78 1.27,-6.94 3.47,-9.15 2.2,-2.53 5.36,-3.47 9.15,-3.47l43.54 0c3.78,0 6.94,1.27 9.15,3.47 2.53,2.52 3.47,5.36 3.47,9.15l0 335.68c0,3.78 -1.27,6.94 -3.47,9.15 -2.2,2.2 -5.36,3.47 -8.83,3.47l-40.38 0c-4.74,0 -8.21,-1.25 -10.41,-3.47 -2.2,-2.52 -3.47,-4.1 -4.74,-4.72l-148.28 -226.2 0 222.09c0,3.47 -1.27,6.31 -3.47,8.83 -2.52,2.53 -5.36,3.47 -9.15,3.47l-43.54 0 -0.31 -0.31z"/>
       <path class="fil2" d="M5052.83 1835.81c-3.47,0 -6.31,-1.27 -8.83,-3.47 -2.52,-2.2 -3.47,-5.36 -3.47,-8.83l0 -285.83 -95.59 0c-3.47,0 -6.31,-1.27 -8.83,-3.47 -2.52,-2.53 -3.47,-5.36 -3.47,-8.83l0 -38.17c0,-3.8 1.27,-6.94 3.47,-9.15 2.52,-2.53 5.36,-3.47 8.83,-3.47l263.44 0c3.78,0 6.94,1.25 9.15,3.47 2.52,2.52 3.47,5.36 3.47,9.15l0 38.17c0,3.47 -1.27,6.3 -3.47,8.83 -2.2,2.52 -5.36,3.47 -9.15,3.47l-94.97 0 0 285.83c0,3.47 -1.27,6.31 -3.47,8.83 -2.2,2.53 -5.36,3.47 -9.47,3.47l-47.63 0z"/>
       <path class="fil2" d="M5326.99 1835.81c-3.47,0 -6.31,-1.27 -8.83,-3.47 -2.53,-2.2 -3.47,-5.36 -3.47,-8.83l0 -336.94c0,-3.47 1.27,-6.31 3.47,-8.83 2.52,-2.52 5.36,-3.47 8.83,-3.47l48.59 0c3.78,0 6.94,1.27 9.15,3.47 2.2,2.53 3.47,5.36 3.47,8.83l0 336.94c0,3.47 -1.27,6.31 -3.47,8.83 -2.2,2.53 -5.36,3.47 -9.15,3.47l-48.59 0z"/>
       <path class="fil2" d="M5522.9 1835.81c-3.47,0 -6.3,-1.27 -8.83,-3.47 -2.52,-2.2 -3.47,-5.36 -3.47,-8.83l0 -336.3c0,-3.8 1.27,-6.94 3.47,-9.15 2.53,-2.53 5.36,-3.47 8.83,-3.47l39.75 0c4.74,0 8.21,1.25 10.74,3.47 2.52,2.2 3.78,3.78 4.41,5.04l148.91 231.57 0 -226.83c0,-3.78 1.27,-6.94 3.47,-9.15 2.2,-2.53 5.36,-3.47 9.15,-3.47l43.54 0c3.78,0 6.94,1.27 9.15,3.47 2.53,2.52 3.47,5.36 3.47,9.15l0 335.68c0,3.78 -1.27,6.94 -3.47,9.15 -2.2,2.2 -5.36,3.47 -8.83,3.47l-40.38 0c-4.74,0 -8.21,-1.25 -10.41,-3.47 -2.2,-2.52 -3.47,-4.1 -4.74,-4.72l-148.28 -226.2 0 222.09c0,3.47 -1.27,6.31 -3.47,8.83 -2.52,2.53 -5.36,3.47 -9.15,3.47l-43.54 0 -0.33 -0.31z"/>
       <path class="fil2" d="M5894.86 1835.81c-2.83,0 -5.36,-0.94 -7.57,-3.16 -2.2,-2.2 -3.47,-4.72 -3.47,-7.88 0,-1.27 0.31,-2.84 0.94,-4.74l124.62 -333.15c0.95,-3.47 3.16,-6.31 6,-9.15 2.83,-2.53 6.94,-3.8 11.98,-3.8l56.17 0c5.04,0 9.15,1.27 11.99,3.8 2.83,2.52 4.72,5.68 6.3,9.15l124.62 333.15c0.31,1.58 0.63,3.16 0.63,4.74 0,3.16 -0.94,5.68 -3.16,7.88 -2.2,2.22 -4.41,3.16 -7.25,3.16l-44.79 0c-4.74,0 -8.21,-1.27 -10.74,-3.47 -2.2,-2.2 -3.78,-4.41 -4.41,-6.31l-24.29 -63.09 -153.32 0 -24.29 63.11c-0.64,2.2 -2.22,4.1 -4.42,6.3 -2.2,2.22 -5.68,3.47 -10.72,3.47l-44.8 0zm102.22 -132.19l117.35 0 -58.98 -159.64 -58.37 159.64z"/>
       <path class="fil2" d="M6436.87 1840.86c-32.19,0 -58.68,-4.74 -80.45,-14.19 -21.46,-9.46 -37.86,-21.77 -49.23,-37.24 -11.35,-15.45 -17.03,-31.55 -17.67,-48.26 0,-3.16 0.95,-5.68 3.16,-7.89 2.2,-2.2 4.74,-3.16 7.89,-3.16l46.05 0c4.42,0 7.89,0.95 10.1,2.84 2.2,1.89 4.1,4.1 5.99,6.94 2.2,6.63 6,12.94 11.99,19.24 6,6.31 13.88,11.68 23.98,15.77 10.1,4.11 23.03,6.31 38.49,6.31 24.92,0 43.22,-4.1 55.53,-12.3 12.3,-8.21 18.29,-19.56 18.29,-33.44 0,-10.1 -3.14,-17.99 -9.77,-23.98 -6.63,-5.99 -16.73,-11.68 -30.29,-16.4 -13.57,-5.05 -31.55,-10.1 -53.95,-15.79 -25.87,-6.3 -47.32,-13.56 -64.99,-22.4 -17.35,-8.83 -30.61,-19.87 -39.11,-33.44 -8.85,-13.57 -13.26,-30.59 -13.26,-51.1 0,-20.51 5.36,-37.86 16.4,-53.32 11.05,-15.46 26.5,-27.76 46.38,-36.6 19.87,-8.83 44.16,-13.56 71.93,-13.56 22.4,0 42.28,3.14 59.31,9.15 17.35,5.99 31.55,13.88 42.91,23.65 11.36,9.78 20.2,20.2 26.18,31.55 6,11.05 9.15,22.09 9.47,32.81 0,2.84 -0.95,5.36 -2.84,7.58 -1.89,2.2 -4.42,3.47 -7.89,3.47l-47.95 0c-2.84,0 -5.68,-0.64 -8.21,-2.22 -2.83,-1.25 -5.04,-4.1 -6.61,-7.88 -2.2,-10.72 -8.83,-19.88 -20.2,-27.45 -11.35,-7.57 -25.87,-11.36 -43.85,-11.36 -17.98,0 -33.44,3.47 -44.8,10.41 -11.35,6.95 -17.04,17.68 -17.04,32.19 0,9.78 2.84,17.67 8.52,23.98 5.68,6.31 14.83,11.99 27.45,16.73 12.62,4.72 29.34,10.09 49.85,15.45 29.34,6.63 53.31,14.21 71.93,22.73 18.62,8.52 32.19,19.56 40.71,32.81 8.51,13.24 12.93,29.97 12.93,50.48 0,22.71 -5.99,41.96 -18.3,58.04 -12.3,16.09 -29.34,28.39 -51.42,36.91 -22.09,8.52 -47.65,12.94 -76.98,12.94l-0.64 -0.01z"/>
      </g>
      <g>
       <path class="fil0" d="M2984.5 2533.67c-4.74,0 -8.83,-1.58 -11.68,-4.42 -3.14,-2.84 -4.72,-6.63 -4.72,-11.36l0 -467.23c0,-5.36 1.58,-9.15 4.72,-11.99 3.16,-2.84 6.94,-4.42 11.68,-4.42l17.98 0c4.74,0 8.21,1.27 10.74,3.47 2.52,2.2 3.78,4.42 4.41,5.68l161.84 315.18 162.48 -315.18c0,0 2.52,-3.47 4.72,-5.68 2.2,-2.52 5.68,-3.47 10.41,-3.47l17.04 0c5.36,0 9.15,1.58 11.99,4.42 2.84,2.84 4.41,6.94 4.41,11.99l0 467.23c0,4.74 -1.25,8.52 -4.41,11.36 -3.16,2.84 -6.94,4.42 -11.99,4.42l-12.94 0c-4.72,0 -8.51,-1.58 -11.35,-4.42 -2.84,-2.84 -4.42,-6.63 -4.42,-11.36l0 -386.47 -136.29 268.16c-1.89,4.74 -4.74,8.21 -8.21,10.74 -3.47,2.52 -8.19,3.47 -13.88,3.47l-15.77 0c-5.68,0 -10.1,-1.27 -13.57,-3.48 -3.47,-2.52 -6.3,-5.99 -8.51,-10.72l-136.3 -268.16 0 386.47c0,4.74 -1.58,8.52 -4.41,11.36 -2.84,2.83 -6.63,4.41 -11.36,4.41l-12.93 0.01 0.31 0z"/>
       <path class="fil0" d="M3732.52 2540.93c-38.49,0 -71.3,-7.27 -98.75,-21.46 -27.44,-14.19 -48.26,-35.96 -63.09,-65.62 -14.83,-29.33 -22.09,-67.19 -22.09,-113.26l0 -289.61c0,-5.36 1.58,-9.15 4.42,-11.99 2.84,-2.84 6.63,-4.42 11.35,-4.42l12.94 0.01c5.36,0 9.15,1.57 11.99,4.41 2.83,2.84 4.41,6.94 4.41,11.99l0 291.5c0,53.32 12.62,92.45 37.55,117.68 24.92,25.25 58.98,37.86 101.58,37.86 42.6,0 76.04,-12.62 100.96,-37.86 24.92,-25.23 37.55,-64.36 37.55,-117.68l0 -291.5c0,-5.36 1.57,-9.15 4.72,-11.99 3.16,-2.84 6.94,-4.41 11.68,-4.41l12.94 0c4.72,0 8.52,1.57 11.35,4.41 2.84,2.84 4.42,6.94 4.42,11.99l0 289.62c0,46.05 -7.25,83.92 -21.77,113.26 -14.51,29.34 -35.33,51.42 -62.47,65.62 -27.12,14.19 -60.25,21.45 -99.06,21.45l-0.63 0z"/>
       <path class="fil0" d="M4089.96 2533.67c-4.72,0 -8.51,-1.58 -11.35,-4.42 -2.84,-2.84 -4.42,-6.63 -4.42,-11.36l0 -467.23c0,-5.36 1.58,-9.15 4.42,-11.99 2.84,-2.84 6.63,-4.42 11.35,-4.42l14.83 0c4.74,0 8.21,1.27 10.72,3.47 2.53,2.53 3.8,4.11 4.42,5.05l263.11 402.25 0 -394.36c0,-5.36 1.58,-9.15 4.42,-11.99 2.84,-2.84 6.63,-4.42 11.35,-4.42l12.94 0c5.36,0 9.15,1.58 11.99,4.42 2.83,2.84 4.41,6.94 4.41,11.99l0 466.29c0,4.72 -1.58,8.83 -4.41,11.66 -2.84,3.16 -6.63,4.74 -11.36,4.74l-15.77 0c-4.74,0 -8.21,-1.27 -10.41,-3.47 -2.2,-2.52 -3.8,-4.1 -4.74,-5.05l-262.49 -400.66 0 393.72c0,4.74 -1.58,8.52 -4.41,11.36 -2.84,2.84 -6.94,4.42 -11.99,4.42l-12.94 0 0.31 0z"/>
       <path class="fil0" d="M4606.1 2533.67c-4.72,0 -8.52,-1.58 -11.35,-4.42 -2.84,-2.84 -4.42,-6.63 -4.42,-11.36l0 -467.87c0,-4.72 1.58,-8.51 4.42,-11.35 2.83,-2.84 6.61,-4.42 11.35,-4.42l13.57 0c4.74,0 8.52,1.58 11.36,4.42 2.83,2.84 4.41,6.63 4.41,11.35l0 467.87c0,4.74 -1.58,8.52 -4.41,11.36 -2.84,2.84 -6.63,4.42 -11.36,4.42l-13.57 0z"/>
       <path class="fil0" d="M4981.21 2540.93c-43.22,0 -78.55,-8.52 -106,-25.25 -27.45,-16.73 -47.65,-39.75 -60.89,-68.78 -13.26,-29.02 -20.82,-62.14 -22.09,-99.06 -0.31,-19.56 -0.63,-40.38 -0.63,-62.78 0,-22.4 0,-43.85 0.63,-64.03 1.58,-37.24 8.83,-70.36 22.09,-99.39 13.26,-29.33 33.75,-52.04 60.89,-68.77 27.45,-16.73 62.78,-24.92 106,-24.92 33.75,0 62.47,4.72 86.45,14.19 23.65,9.46 43.21,22.07 58.04,37.54 14.82,15.46 26.18,32.19 33.44,49.85 7.25,17.98 11.68,35.33 12.62,52.37 0.31,4.41 -0.94,7.89 -3.78,10.41 -2.84,2.52 -6.63,3.78 -11.04,3.78l-14.19 0c-3.78,0 -7.27,-0.94 -10.1,-3.14 -2.84,-2.2 -4.74,-6 -5.68,-11.68 -9.15,-42.27 -26.18,-71.3 -51.1,-87.07 -24.93,-15.77 -56.48,-23.67 -94.34,-23.67 -43.22,0 -77.6,12.32 -103.16,36.6 -25.56,24.61 -39.11,63.73 -41.01,117.37 -1.58,39.11 -1.58,78.87 0,119.89 1.89,53.63 15.45,92.75 41.01,117.35 25.56,24.61 59.62,36.6 103.16,36.6 38.17,0 69.41,-7.89 94.34,-23.67 24.92,-15.77 41.96,-44.79 51.1,-87.07 0.94,-5.68 2.84,-9.77 5.68,-11.66 2.84,-2.2 6.31,-3.16 10.1,-3.16l14.19 0c4.42,0 7.89,1.27 11.04,3.78 3.16,2.53 4.42,6 3.8,10.41 -0.95,17.04 -5.05,34.7 -12.63,52.37 -7.25,17.99 -18.6,34.39 -33.44,49.85 -14.82,15.46 -34.39,28.08 -58.04,37.55 -23.67,9.46 -52.68,14.19 -86.45,14.19l0 0z"/>
       <path class="fil0" d="M5334.87 2533.67c-4.72,0 -8.52,-1.58 -11.35,-4.42 -2.84,-2.84 -4.42,-6.63 -4.42,-11.36l0 -467.87c0,-4.72 1.58,-8.51 4.42,-11.35 2.83,-2.84 6.61,-4.42 11.35,-4.42l13.57 0c4.74,0 8.52,1.58 11.36,4.42 2.83,2.84 4.41,6.63 4.41,11.35l0 467.87c0,4.74 -1.58,8.52 -4.41,11.36 -2.84,2.84 -6.63,4.42 -11.36,4.42l-13.57 0z"/>
       <path class="fil0" d="M5528.26 2533.67c-4.72,0 -8.51,-1.58 -11.35,-4.42 -2.84,-2.84 -4.42,-6.63 -4.42,-11.36l0 -467.23c0,-5.36 1.58,-9.15 4.42,-11.99 2.84,-2.84 6.63,-4.42 11.35,-4.42l173.21 0c33.13,0 62.15,5.68 86.76,16.73 24.61,11.04 43.54,27.76 57.11,49.53 13.56,21.77 20.18,48.91 20.18,81.4 0,32.5 -6.63,59.31 -20.18,81.4 -13.57,21.77 -32.5,38.49 -57.11,49.53 -24.61,11.05 -53.32,16.73 -86.76,16.73l-144.18 0 0 188.34c0,4.74 -1.58,8.52 -4.41,11.36 -2.84,2.84 -6.95,4.42 -11.99,4.42l-12.94 0 0.31 0zm29.03 -246.71l140.4 0c41.33,0 72.25,-9.16 92.44,-27.14 20.18,-17.98 30.28,-43.85 30.28,-77.61 0,-33.75 -10.09,-59.62 -30.28,-77.6 -20.18,-17.99 -51.1,-27.14 -92.44,-27.14l-140.4 0 0 209.8 0 -0.31z"/>
       <path class="fil0" d="M6018.85 2533.67c-4.74,0 -8.52,-1.58 -11.36,-4.42 -2.84,-2.84 -4.42,-6.63 -4.42,-11.36l0 -467.87c0,-4.72 1.58,-8.51 4.42,-11.35 2.84,-2.84 6.63,-4.42 11.36,-4.42l13.56 0c4.74,0 8.52,1.58 11.36,4.42 2.84,2.84 4.42,6.63 4.42,11.35l0 467.87c0,4.74 -1.58,8.52 -4.42,11.36 -2.84,2.84 -6.63,4.42 -11.36,4.42l-13.56 0z"/>
       <path class="fil0" d="M6393.96 2540.93c-39.43,0 -72.88,-6.94 -100.64,-21.14 -27.44,-13.88 -48.59,-35.66 -63.41,-65 -14.83,-29.34 -22.71,-66.25 -24.29,-110.73 -0.31,-21.46 -0.63,-41.33 -0.63,-59.95 0,-18.6 0,-38.49 0.63,-59.94 1.58,-44.18 10.1,-81.08 25.56,-110.11 15.77,-29.34 37.54,-51.1 65.3,-65.3 27.76,-14.19 60.26,-21.45 97.48,-21.45 37.22,0 69.41,7.25 97.48,21.45 27.76,14.19 49.53,35.96 65.62,65.3 15.77,29.34 24.29,65.94 25.23,110.11 0.95,21.45 1.58,41.33 1.58,59.94 0,18.62 -0.63,38.49 -1.58,59.95 -0.94,44.79 -8.83,81.71 -23.97,110.73 -14.83,29.34 -36.28,50.8 -63.73,65 -27.45,13.88 -61.2,21.14 -100.64,21.14l0 0zm0 -42.91c41.02,0 74.46,-12.3 100.96,-37.24 26.5,-24.61 40.38,-64.99 42.28,-120.51 0.94,-21.45 1.57,-40.07 1.57,-56.47 0,-16.41 -0.31,-35.02 -1.57,-56.48 -0.95,-37.22 -7.58,-67.19 -20.2,-90.54 -12.62,-23.34 -29.34,-40.38 -50.48,-51.1 -21.14,-10.72 -45.43,-16.09 -72.24,-16.09 -26.82,0 -50.48,5.36 -71.63,16.09 -21.14,10.72 -38.17,27.76 -50.48,51.1 -12.62,23.35 -19.56,53.63 -21.14,90.54 -0.63,21.46 -0.63,40.07 -0.63,56.48 0,16.4 0,35.02 0.63,56.47 1.89,55.53 16.09,95.91 42.91,120.51 26.5,24.62 60.26,37.24 100.64,37.24l-0.64 0z"/>
      </g>
     </g>
    </g>
   </g>
  </g>
 </g>
</svg>
